 8          puzzle size (rows and columns)
 3   8      # border colours  # inside colours
Top Rgt Bot Lft
 0  3  3  0
 0  3  2  0
 0  1  3  0
 0  1  2  0
 0  2 10  3
 0  2  5  1
 0  3  7  3
 0  3  8  2
 0  3  6  1
 0  1  7  2
 0  1  5  1
 0  1  4  2
 0  2  6  1
 0  2  7  1
 0  2 10  2
 0  1 10  1
 0  3  8  3
 0  3  6  2
 0  1  8  3
 0  1  6  2
 0  2  9  1
 0  2 10  1
 0  2  5  3
 0  2  9  3
 0  3  4  2
 0  1 10  3
 0  2  8  1
 0  3  9  2
 4  7  9  8
 8  6 11  8
11  8  5  9
 6 11  9 11
 5  6  8 11
10  8  6  8
 9 11  9  4
11 11  5  7
11  4  9  7
10 11  7 11
 8  4  8  6
 9  5 10 11
 8  4 11  5
 7  4 10  9
 9  6  5  9
11  8  5  4
 6  4 10 10
10  5  8  6
 8 10  9  8
 9 10 11  6
 5  9  4  4
11  6  8  5
10  6 11  7
 8  9  6 11
 7  7  7 10
 5  5  4  4
 5 10  7  7
 5  7  4  4
 5  9  5  4
 6 11  5  6
 7  7  7  9
 9  7  7  6
10  6  5  7
 6  4 11  6
 7 10  8 10
 4  4  8  5
2x2 solution sets
  0 0 3 0   1   7  28  59
  0 1 0 1   8   3  52  21
  3 0 3 2  23  50   2  27
  0 1 2 2  55   5  14   4
  0 0 0 0  26  13  51  58
  0 0 0 0  20  22  32  38
  0 1 0 1  45  12  46  11
  0 1 0 1  47  16  43   9
  0 0 2 2  60  61  10   6
  0 0 2 2  39  56  19  25
  3 0 3 0  15  53  24  42
  3 0 3 0  17  34  18  62
  0 0 0 0  36  33  54  41 *
  0 0 0 0  48  63  44  30 *
  0 0 0 0  29  37  35  40 *
  0 0 0 0  49  31  64  57 *
One single tile solution to this puzzle - there may be more
   1   7  26  13  20  22   8   3
  28  59  51  58  32  38  52  21
  15  53  36  33  48  63  45  12
  24  42  54  41  44  30  46  11
  17  34  29  37  49  31  47  16
  18  62  35  40  64  57  43   9
  23  50  60  61  39  56  55   5
   2  27  10   6  19  25  14   4
