 6          puzzle size (rows and columns)
 3   6      # border colours  # inside colours
Top Rgt Bot Lft
 0  1  1  0
 0  1  3  0
 0  3  2  0
 0  1  2  0
 0  3  4  3
 0  2  6  2
 0  2  5  1
 0  3  6  3
 0  1  8  1
 0  3  6  1
 0  2  7  3
 0  2  9  1
 0  2  5  2
 0  2  9  2
 0  1  5  3
 0  1  7  2
 0  2  6  3
 0  3  7  2
 0  3  5  3
 0  3  9  1
 7  8  4  9
 4  6  5  5
 7  8  8  4
 6  9  7  6
 5  9  6  7
 8  8  5  4
 6  7  8  5
 6  4  7  6
 7  7  5  9
 8  9  9  8
 7  5  7  9
 4  5  8  8
 8  6  6  8
 4  4  6  7
 9  8  4  5
 5  4  9  4
2x2 solution sets
  0 0 3 0   3   5   7  22
  0 1 0 1  18   2  23   9
  3 0 3 2  12  29   1  15
  0 1 2 2  30  14  20   4
  0 0 0 0  17  13  28  36
  0 1 0 1  33  10  27  11
  0 0 2 2  34  26   8  19
  3 0 3 0  16  25   6  24
  0 0 0 0  31  35  21  32 *
One single tile solution to this puzzle - there may be more
   3   5  17  13  18   2
   7  22  28  36  23   9
  16  25  31  35  33  10
   6  24  21  32  27  11
  12  29  34  26  30  14
   1  15   8  19  20   4
