 7          puzzle size (rows and columns)
 3   6      # border colours  # inside colours
Top Rgt Bot Lft
 0  2  3  0
 0  1  2  0
 0  2  2  0
 0  3  2  0
 0  3  4  2
 0  1  8  3
 0  2  7  1
 0  1  8  1
 0  2  7  3
 0  1  6  2
 0  2  8  1
 0  2  4  1
 0  3  6  2
 0  3  5  2
 0  1  7  3
 0  2  8  3
 0  3  9  1
 0  1  4  3
 0  1  5  3
 0  3  6  3
 0  1  7  1
 0  3  4  1
 0  3  6  1
 0  2  9  2
 7  4  4  9
 4  7  6  7
 5  5  7  6
 8  8  9  9
 9  6  5  7
 6  9  9  5
 9  7  8  5
 5  6  4  4
 4  4  4  9
 8  9  4  9
 6  6  8  6
 8  5  9  4
 8  6  4  8
 9  6  4  8
 9  8  9  5
 5  5  5  8
 9  9  7  5
 5  8  7  7
 7  7  5  6
 6  7  9  5
 4  8  6  8
 6  5  9  4
 4  5  8  7
 4  5  6  7
 8  7  7  6
2x2 solution sets
  0 0 3 0   3  14  16  40
  0 1 0 1  12   2  45  11
  3 0 3 2   5  46   1  17
  0 1 2 2  49   7  15   4
  0 0 0 0  20   6  30  34
  0 1 0 1  35  10  37  23
  0 0 2 2  41  33  21  18
  3 0 3 0  13  27  24  25
  0 0 0 0  31  26  36  44 *
One single tile solution to this puzzle - there may be more
   3  14  20   6   8  12   2
  16  40  30  34  28  45  11
  13  27  31  26  29  35  10
  24  25  36  44  42  37  23
   9  48  39  38  43  47  19
   5  46  41  33  32  49   7
   1  17  21  18  22  15   4
