 9          puzzle size (rows and columns)
 3   8      # border colours  # inside colours
Top Rgt Bot Lft
 0  3  3  0
 0  3  1  0
 0  1  3  0
 0  3  2  0
 0  3 10  2
 0  3  4  1
 0  3  7  3
 0  2  7  1
 0  1  8  1
 0  2  9  2
 0  1  9  2
 0  2  5  3
 0  3  6  3
 0  1 10  3
 0  2 10  2
 0  1  5  3
 0  3  4  3
 0  1  9  3
 0  1  7  2
 0  1  7  1
 0  2  9  3
 0  1  8  2
 0  2  7  3
 0  3  7  2
 0  2  9  1
 0  1 10  1
 0  2 11  2
 0  3  6  2
 0  2  5  1
 0  3 11  1
 0  2  4  2
 0  2 10  1
 7  8  7  5
 8  9 11  6
10 11  4  5
10  9  8  4
 7  5 10  9
 6 11 10 11
 6  5  6 11
10  4  4 11
 6 10  7  9
 6  6  5  6
 9  4 10  6
11  4  5 11
 5  6 10  5
 8  9  5  6
 6 11  8 10
10  6  8  5
 8  5  6  4
10 11 10  7
 8 11  5  4
 8  5  4 11
11 11  9  4
 5  4  6  7
 7  4 10  9
 4  8  9  8
 8  7  8  6
 4  9  8  9
 5 11  8  7
10  7  4 11
 5 10  4 10
 7  7  6 11
 9  6  6  5
 4 11  4  7
10 11  7  4
 4  9  5  8
 5  5  7  7
 4  9  8  6
 9  7  5  7
 9  6 11  9
 6  7  9  7
11  7  9  8
 9  7  4  5
 8  8  4  6
 4 10  9  9
10 11  8 10
 8  8  8 11
10  6  8 11
 9  5  5  8
10  5 10 11
 4  6  6 11
2x2 solution sets
  0 0 3 0   1  14  30  40
  0 1 0 1  25   4  43  17
  3 0 3 2  26  61   3   6
  0 1 2 2  66  18  16   2
  0 0 0 0  32  27  65  44
  0 0 0 0   5  23  36  37
  0 1 0 1  48  13  57   7
  0 1 0 1  52  12  75  15
  0 0 2 2  76  77   9  22
  0 0 2 2  56  79  10  29
  3 0 3 0  19  64  21  58
  3 0 3 0  28  34  31  53
  0 0 0 0  62  54  41  47 *
  0 0 0 0  49  35  38  81 *
  0 0 0 0  55  51  80  45 *
  0 0 0 0  60  71  68  70 *
One single tile solution to this puzzle - there may be more
   1  14  32  27   5  23  11  25   4
  30  40  65  44  36  37  63  43  17
  19  64  62  54  49  35  39  48  13
  21  58  41  47  38  81  42  57   7
  28  34  55  51  60  71  59  52  12
  31  53  80  45  68  70  46  75  15
   8  69  50  78  74  72  67  73  24
  26  61  76  77  56  79  33  66  18
   3   6   9  22  10  29  20  16   2
