 6          puzzle size (rows and columns)
 3   6      # border colours  # inside colours
Top Rgt Bot Lft
 0  2  3  0
 0  1  2  0
 0  1  3  0
 0  3  2  0
 0  1  4  1
 0  2  8  3
 0  2  7  1
 0  2  9  3
 0  3  6  1
 0  3  5  1
 0  1  8  1
 0  2  9  2
 0  2  8  2
 0  3  4  3
 0  2  7  3
 0  1  6  1
 0  3  7  3
 0  3  7  2
 0  3  8  2
 0  1  5  2
 9  7  8  4
 7  6  6  4
 7  7  8  7
 7  5  6  4
 9  4  4  5
 6  5  9  6
 8  4  6  4
 6  9  5  8
 5  8  7  8
 7  5  9  6
 8  9  7  4
 6  6  7  6
 9  8  5  5
 4  5  6  9
 9  8  9  5
 8  4  5  5
2x2 solution sets
  0 0 3 0   1  13  14  27
  0 1 0 1   8   4  33   6
  3 0 3 2  11  28   3  10
  0 1 2 2  31  12   7   2
  0 0 0 0  18  17  22  30
  0 1 0 1  29  19  23  15
  0 0 2 2  34  36  16  20
  3 0 3 0   9  32   5  24
  0 0 0 0  26  35  25  21 *
One single tile solution to this puzzle - there may be more
   1  13  18  17   8   4
  14  27  22  30  33   6
   9  32  26  35  29  19
   5  24  25  21  23  15
  11  28  34  36  31  12
   3  10  16  20   7   2
