 6          puzzle size (rows and columns)
 3   6      # border colours  # inside colours
Top Rgt Bot Lft
 0  3  3  0
 0  2  2  0
 0  2  3  0
 0  1  3  0
 0  1  6  2
 0  3  5  3
 0  3  6  2
 0  2  8  3
 0  2  7  1
 0  2  9  1
 0  3  7  2
 0  3  5  1
 0  1  7  3
 0  1  7  1
 0  3  5  2
 0  1  5  3
 0  2  4  1
 0  3  4  1
 0  1  5  2
 0  2  6  2
 8  7  6  5
 6  9  4  5
 8  5  4  6
 9  8  8  8
 4  8  9  6
 7  5  6  8
 6  9  5  8
 5  8  7  7
 7  4  6  9
 8  6  5  8
 4  6  8  9
 5  7  9  4
 7  7  8  6
 9  9  7  9
 5  9  7  4
 6  4  4  4
2x2 solution sets
  0 0 3 0   2  20  17  36
  0 1 0 1  12   1  32  13
  3 0 3 2  15  21   3   7
  0 1 2 2  23   6  18   4
  0 0 0 0  19  14  35  29
  0 1 0 1  34  10  33  11
  0 0 2 2  28  30   9  16
  3 0 3 0   5  25   8  24
  0 0 0 0  26  22  27  31 *
One single tile solution to this puzzle - there may be more
   2  20  19  14  12   1
  17  36  35  29  32  13
   5  25  26  22  34  10
   8  24  27  31  33  11
  15  21  28  30  23   6
   3   7   9  16  18   4
