 8          puzzle size (rows and columns)
 3   8      # border colours  # inside colours
Top Rgt Bot Lft
 0  2  1  0
 0  1  1  0
 0  3  3  0
 0  3  2  0
 0  2  5  2
 0  3 11  3
 0  1  9  3
 0  2  7  2
 0  3  7  3
 0  1  8  1
 0  2  4  3
 0  1  7  2
 0  1 10  2
 0  2  7  3
 0  1  7  3
 0  2  7  1
 0  1  7  1
 0  3  4  1
 0  2  6  1
 0  2 11  3
 0  3  8  2
 0  3  6  2
 0  2  9  1
 0  3 10  2
 0  1  8  3
 0  2  6  2
 0  3  8  1
 0  1  6  2
 4 10  4  9
 6 10 10  5
 5  4  8  8
10  9  5  4
 8 11 10  6
 9  4  5 11
 4  4  5  9
 6  7 10  4
 8  8 11  8
11  4 11  9
11  9  9 11
 5  4  7  7
 5  9 10  6
 7  7  7 11
10  5  4  5
10 11 11  9
10  6  5 10
 4 11  4  7
 6  6  8  4
 4  9  8 10
11 10  5  6
10  5 11  8
 8  8  6 10
11  9  7  4
10  5  4  6
11  5  4  8
 9  8  6  9
 5  6  9  9
 5  8 11 10
 9  8  6  6
 8  9  7  5
 7  9 11  7
 5  8  7  7
 7  6  8  5
 6  7  5  5
 6 10  6 11
2x2 solution sets
  0 0 3 0   1   8  12  60
  0 1 0 1  23   4  34  11
  3 0 3 2  14  46   3  18
  0 1 2 2  52   7  16   2
  0 0 0 0  13  19  44  64
  0 0 0 0  24  25  45  33
  0 1 0 1  56  28  55  10
  0 1 0 1  63  17  57  27
  0 0 2 2  42  61  15   9
  0 0 2 2  37  31   6  21
  3 0 3 0  20  39  22  58
  3 0 3 0   5  30  26  53
  0 0 0 0  38  36  54  43 *
  0 0 0 0  40  32  62  41 *
  0 0 0 0  48  29  59  35 *
  0 0 0 0  51  50  47  49 *
One single tile solution to this puzzle - there may be more
   1   8  13  19  24  25  23   4
  12  60  44  64  45  33  34  11
  20  39  38  36  40  32  56  28
  22  58  54  43  62  41  55  10
   5  30  48  29  51  50  63  17
  26  53  59  35  47  49  57  27
  14  46  42  61  37  31  52   7
   3  18  15   9   6  21  16   2
