 9          puzzle size (rows and columns)
 3   8      # border colours  # inside colours
Top Rgt Bot Lft
 0  3  1  0
 0  2  3  0
 0  1  2  0
 0  2  1  0
 0  3  6  1
 0  1  4  3
 0  2  9  1
 0  3  8  2
 0  3  5  2
 0  2  8  2
 0  2 10  2
 0  3  8  1
 0  2  8  3
 0  1  7  2
 0  3  4  3
 0  2 11  3
 0  3 10  3
 0  2  5  3
 0  1  4  2
 0  1  4  1
 0  1  8  3
 0  3  9  1
 0  2 11  1
 0  1  9  3
 0  1 11  1
 0  2  6  3
 0  3  4  1
 0  3 10  2
 0  2  9  3
 0  3  4  2
 0  1  6  2
 0  1  8  2
 8  9 11  4
11 10  7  7
11  5  6  9
10  8 11  6
 6 11 10 10
 9  5 10  5
 8  9  9  9
 4  4  7  6
 7 11  9  9
 4  9  6  5
11  5  6  7
 5  6  4  5
 6  5  4 10
 7  7  6  7
11  7  4 11
 4  5  4  7
 9  8  7 11
 8  5 11  8
 6  7  9  5
 6  5  5  7
10 10  4  5
10  5  5 11
 5  4 11  6
 5  6  7  4
 9 10 11 11
 4  8 10 10
10  8  6  8
10  7  4  8
 6  4  4  6
 7  9  5  9
 7 11  4 10
 5 10  7 11
 9  6  6  7
 7  5 11  8
 7  8  9  5
10  9  8 11
 4 10 10  9
 8  6 11  4
 7  8  6 11
11 11  8  8
 6  9  9  8
 9  7 10 10
 6 10  5  5
 5  8  8  9
 9 11  7  4
11  7 10 10
10  7  6  7
 6  8  6  5
 4  9  4  8
2x2 solution sets
  0 0 3 0   2  10  22  39
  0 1 0 1  31   1  73  29
  3 0 3 2  20  33   3  16
  0 1 2 2  81  24  30   4
  0 0 0 0  14   7  41  49
  0 0 0 0   8  18  50  44
  0 1 0 1  38   9  53  17
  0 1 0 1  58  13  59  32
  0 0 2 2  76  60  12   6
  0 0 2 2  79  48   5  19
  3 0 3 0  25  57  21  72
  3 0 3 0  15  70  28  78
  0 0 0 0  74  46  54  75 *
  0 0 0 0  43  42  45  51 *
  0 0 0 0  55  56  34  63 *
  0 0 0 0  40  77  71  66 *
One single tile solution to this puzzle - there may be more
   2  10  14   7   8  18  11  31   1
  22  39  41  49  50  44  36  73  29
  25  57  74  46  43  42  35  38   9
  21  72  54  75  45  51  52  53  17
  15  70  55  56  40  77  64  58  13
  28  78  34  63  71  66  67  59  32
  23  68  62  69  37  47  65  61  27
  20  33  76  60  79  48  80  81  24
   3  16  12   6   5  19  26  30   4
