 9          puzzle size (rows and columns)
 3   8      # border colours  # inside colours
Top Rgt Bot Lft
 0  1  3  0
 0  3  1  0
 0  2  3  0
 0  1  2  0
 0  2  7  1
 0  3  9  1
 0  2 10  3
 0  1  5  2
 0  3 10  2
 0  3  7  2
 0  2  4  3
 0  3 11  3
 0  3  9  2
 0  3  4  2
 0  3  5  1
 0  3  6  1
 0  2  4  2
 0  1  8  3
 0  2  5  3
 0  1 11  3
 0  2  9  1
 0  3 11  1
 0  2  8  3
 0  2 11  3
 0  1  9  3
 0  1  9  2
 0  1  5  1
 0  2 10  2
 0  1  7  1
 0  1  4  2
 0  3  7  1
 0  2 11  2
 4  7  9  9
11  6  4  6
 6  8  7  7
 6  9  6  7
10  4 10  9
 7  7  6  7
11 10  6  5
 6  9  9  5
10  7  4  8
 8  9  6  8
10  4 10  5
11  6 10  4
 7 11  5  9
 5  7 11  4
10 10  7 11
 4  8 11  8
 8  4  8  6
11  6  9 10
 5  5 11 10
 9  6  5  5
 5  5  5 10
 7  7 10 10
 5  8  4 10
 4  7  8 10
 8 10 10  7
 8 10  8  9
11  8 11  5
 8  5 11  7
 4  6 10  7
 9  5  9 10
10 10  6  9
 6  6  7  8
 4  4  8  6
 6  7 11  8
 7  4  8  6
 8  5  6  5
 4  5  8  4
11  8 11  6
10  5  9  4
 6  9  5 11
11 10  4  5
11  9  4  6
11  8  4  9
11  9  8  4
 9  6 11  7
 5  4  5  7
 7  9  7  8
 9  6 11 11
 8  4  9  6
2x2 solution sets
  0 0 3 0   3  28  12  47
  0 1 0 1  11   4  33  29
  3 0 3 2  18  41   2  30
  0 1 2 2  81  14  21   1
  0 0 0 0  26  22  62  73
  0 0 0 0  19  32  51  59
  0 1 0 1  80  16  76  25
  0 1 0 1  68  15  35  23
  0 0 2 2  60  40  24  13
  0 0 2 2  37  71   7   6
  3 0 3 0  31  38  20  72
  3 0 3 0   9  55   5  61
  0 0 0 0  77  65  75  42 *
  0 0 0 0  44  74  63  56 *
  0 0 0 0  48  66  34  70 *
  0 0 0 0  36  58  64  49 *
One single tile solution to this puzzle - there may be more
   3  28  26  22  19  32  10  11   4
  12  47  62  73  51  59  79  33  29
  31  38  77  65  44  74  45  80  16
  20  72  75  42  63  56  78  76  25
   9  55  48  66  36  58  53  68  15
   5  61  34  70  64  49  46  35  23
  27  43  69  39  54  57  50  67  17
  18  41  60  40  37  71  52  81  14
   2  30  24  13   7   6   8  21   1
