 6          puzzle size (rows and columns)
 3   6      # border colours  # inside colours
Top Rgt Bot Lft
 0  3  3  0
 0  1  1  0
 0  1  2  0
 0  3  1  0
 0  1  9  2
 0  2  7  2
 0  3  8  3
 0  3  7  1
 0  1  4  1
 0  2  9  3
 0  3  8  2
 0  2  5  2
 0  2  4  1
 0  2  9  1
 0  3  6  3
 0  1  5  2
 0  2  7  3
 0  1  5  3
 0  3  5  2
 0  2  4  3
 7  6  7  4
 7  8  7  9
 5  6  6  6
 8  4  4  5
 7  5  8  4
 4  9  6  8
 8  4  6  8
 9  9  7  6
 7  6  5  9
 6  4  9  5
 7  4  5  6
 6  5  7  6
 5  8  5  4
 6  9  8  8
 5  8  7  8
 9  8  7  9
2x2 solution sets
  0 0 3 0   1  20   7  26
  0 1 0 1   5   2  28  14
  3 0 3 2  15  31   4  16
  0 1 2 2  24  13   9   3
  0 0 0 0   6  12  29  23
  0 1 0 1  22  11  25  18
  0 0 2 2  21  32  17   8
  3 0 3 0  19  30  10  36
  0 0 0 0  33  34  35  27 *
One single tile solution to this puzzle - there may be more
   1  20   6  12   5   2
   7  26  29  23  28  14
  19  30  33  34  22  11
  10  36  35  27  25  18
  15  31  21  32  24  13
   4  16  17   8   9   3
