 7          puzzle size (rows and columns)
 3   6      # border colours  # inside colours
Top Rgt Bot Lft
 0  3  1  0
 0  2  2  0
 0  3  2  0
 0  1  1  0
 0  3  6  1
 0  1  4  2
 0  1  7  2
 0  2  5  3
 0  2  8  2
 0  1  7  3
 0  2  7  3
 0  3  5  1
 0  1  8  2
 0  2  5  1
 0  1  6  3
 0  3  6  3
 0  2  4  3
 0  1  9  1
 0  1  9  3
 0  2  6  1
 0  3  9  3
 0  3  7  1
 0  3  9  2
 0  2  7  2
 5  4  4  8
 7  5  6  4
 9  8  5  8
 6  4  8  8
 9  8  5  5
 7  5  5  9
 7  9  6  6
 5  8  8  5
 4  8  6  6
 4  5  7  4
 4  8  4  5
 9  9  7  4
 5  7  7  4
 6  9  9  4
 6  9  4  8
 8  6  8  7
 7  6  9  9
 8  8  8  4
 5  5  9  9
 7  6  4  6
 7  4  5  8
 8  6  7  7
 6  4  5  5
 7  9  9  9
 6  4  7  6
2x2 solution sets
  0 0 3 0   4   5  15  49
  0 1 0 1   7   1  48  19
  3 0 3 2   6  42   2   9
  0 1 2 2  34  14  10   3
  0 0 0 0  16  11  38  41
  0 1 0 1  36  18  44  20
  0 0 2 2  39  43  17  21
  3 0 3 0  23  30   8  32
  0 0 0 0  29  27  25  37 *
One single tile solution to this puzzle - there may be more
   4   5  16  11  24   7   1
  15  49  38  41  31  48  19
  23  30  29  27  28  36  18
   8  32  25  37  46  44  20
  22  40  33  45  26  35  13
   6  42  39  43  47  34  14
   2   9  17  21  12  10   3
