 7          puzzle size (rows and columns)
 3   6      # border colours  # inside colours
Top Rgt Bot Lft
 0  3  3  0
 0  1  1  0
 0  2  1  0
 0  2  2  0
 0  1  9  2
 0  3  8  2
 0  2  8  2
 0  3  9  3
 0  3  8  1
 0  3  7  1
 0  2  5  1
 0  1  6  2
 0  1  7  2
 0  2  8  3
 0  3  4  2
 0  1  7  3
 0  2  6  3
 0  3  5  3
 0  3  5  1
 0  1  6  1
 0  2  5  3
 0  2  8  1
 0  1  8  2
 0  1  8  3
 6  4  9  4
 9  4  8  4
 7  4  9  6
 9  4  8  5
 8  7  9  4
 6  9  8  6
 7  6  4  7
 5  5  9  8
 4  4  6  9
 5  7  5  4
 8  5  7  9
 9  4  5  7
 6  7  7  5
 4  7  4  4
 5  7  6  6
 6  5  4  9
 6  8  6  5
 9  8  9  7
 9  9  7  4
 7  4  8  5
 9  5  8  6
 6  7  6  8
 8  5  8  4
 9  5  6  7
 7  6  9  5
2x2 solution sets
  0 0 3 0   1  17   9  46
  0 1 0 1  24   2  29  10
  3 0 3 2  12  45   4   7
  0 1 2 2  38  16  15   3
  0 0 0 0  13  19  31  39
  0 1 0 1  48  21  41   6
  0 0 2 2  28  47  22  23
  3 0 3 0  20  30   5  35
  0 0 0 0  33  25  37  42 *
One single tile solution to this puzzle - there may be more
   1  17  13  19   8  24   2
   9  46  31  39  36  29  10
  20  30  33  25  34  48  21
   5  35  37  42  32  41   6
  11  49  27  26  43  40  18
  12  45  28  47  44  38  16
   4   7  22  23  14  15   3
