 8          puzzle size (rows and columns)
 3   8      # border colours  # inside colours
Top Rgt Bot Lft
 0  2  3  0
 0  3  2  0
 0  3  3  0
 0  2  2  0
 0  3  8  2
 0  2  8  2
 0  1 11  1
 0  3 10  2
 0  1  6  1
 0  2  9  1
 0  1  6  3
 0  2 10  3
 0  3 10  1
 0  1  6  2
 0  3  5  3
 0  2  9  3
 0  1 11  3
 0  3  7  3
 0  1  9  1
 0  2  8  3
 0  1  8  2
 0  1  5  1
 0  2 10  1
 0  3  4  1
 0  2  7  2
 0  3  9  1
 0  2  9  2
 0  1 11  2
 9  7  6  8
 5 10 11  4
 8  9  5  8
 5  7  4  6
 9  7  5  5
10  5  7  7
 4 11  6 10
 6  4  8  5
 8 10 10 10
 5 11  4 11
 7  6 11 10
 9  9  5  7
 4  4  5 10
 9  5 11  8
10  8  9 11
11  6  8  4
 4  8  6  4
 6  7  5  8
 4  4  8  5
 6  5  6  8
 8  8  4  7
 6  5  7  5
 4 11  6 11
 4  9  7  5
11  7  4  9
 6 11  9  7
 5  9  4  6
 7  8  6 11
10  8 11  9
 5 10 10  7
 6  7  5 10
 7  6  9  7
 7 11  4  9
11 10 10  6
 8  4 10 11
 9  6  8  7
2x2 solution sets
  0 0 3 0   4  27  20  29
  0 1 0 1  25   2  60  11
  3 0 3 2  18  58   3   8
  0 1 2 2  36  24   5   1
  0 0 0 0   6  14  49  46
  0 0 0 0  13  16  34  33
  0 1 0 1  40  19  38   7
  0 1 0 1  52  10  56  21
  0 0 2 2  37  41  23  22
  0 0 2 2  45  42   9  17
  3 0 3 0  15  50  26  61
  3 0 3 0  28  51  12  59
  0 0 0 0  47  30  63  44 *
  0 0 0 0  39  32  62  35 *
  0 0 0 0  43  31  64  55 *
  0 0 0 0  57  48  53  54 *
One single tile solution to this puzzle - there may be more
   4  27   6  14  13  16  25   2
  20  29  49  46  34  33  60  11
  15  50  47  30  39  32  40  19
  26  61  63  44  62  35  38   7
  28  51  43  31  57  48  52  10
  12  59  64  55  53  54  56  21
  18  58  37  41  45  42  36  24
   3   8  23  22   9  17   5   1
