 7          puzzle size (rows and columns)
 3   6      # border colours  # inside colours
Top Rgt Bot Lft
 0  2  3  0
 0  1  3  0
 0  1  1  0
 0  3  1  0
 0  2  6  1
 0  3  8  3
 0  2  8  2
 0  2  7  3
 0  3  8  2
 0  2  4  2
 0  1  9  3
 0  3  9  1
 0  3  5  1
 0  1  4  2
 0  1  7  2
 0  2  6  3
 0  1  7  1
 0  3  6  2
 0  3  6  1
 0  1  8  2
 0  2  9  3
 0  2  7  1
 0  1  8  3
 0  3  5  2
 6  6  9  4
 4  9  8  5
 5  7  4  4
 6  4  4  9
 5  4  5  8
 9  8  7  4
 9  9  7  7
 9  5  6  5
 4  4  9  5
 8  9  9  7
 8  9  5  5
 8  7  5  7
 8  5  4  6
 6  7  6  9
 7  6  8  9
 4  6  4  7
 6  8  8  7
 5  8  6  6
 5  5  9  7
 7  5  6  6
 5  9  7  4
 4  9  8  6
 7  4  5  8
 8  4  5  9
 6  7  8  4
2x2 solution sets
  0 0 3 0   3   5  15  41
  0 1 0 1   9   2  35  12
  3 0 3 2  18  46   1   6
  0 1 2 2  49  17  23   4
  0 0 0 0  24  16  29  25
  0 1 0 1  45  21  47  10
  0 0 2 2  38  34  19  11
  3 0 3 0  22  36  14  27
  0 0 0 0  43  32  31  28 *
One single tile solution to this puzzle - there may be more
   3   5  24  16   7   9   2
  15  41  29  25  37  35  12
  22  36  43  32  33  45  21
  14  27  31  28  30  47  10
   8  40  44  26  39  42  20
  18  46  38  34  48  49  17
   1   6  19  11  13  23   4
