 6          puzzle size (rows and columns)
 3   6      # border colours  # inside colours
Top Rgt Bot Lft
 0  3  2  0
 0  3  3  0
 0  1  2  0
 0  2  1  0
 0  1  7  1
 0  3  4  1
 0  3  9  3
 0  2  8  1
 0  2  6  2
 0  2  6  1
 0  1  8  3
 0  3  7  2
 0  2  8  2
 0  1  6  2
 0  2  4  3
 0  1  7  2
 0  1  6  3
 0  3  4  3
 0  2  7  1
 0  3  7  3
 6  5  4  8
 4  4  7  5
 5  6  9  5
 5  6  4  4
 4  8  6  9
 8  9  7  4
 5  8  8  9
 8  5  5  9
 4  8  9  6
 9  7  8  6
 5  6  5  8
 9  5  9  7
 7  7  6  5
 7  9  4  8
 7  9  5  7
 6  8  5  6
2x2 solution sets
  0 0 3 0   3   6   9  29
  0 1 0 1   5   4  33  16
  3 0 3 2  18  26   2  12
  0 1 2 2  23  10   7   1
  0 0 0 0  20  11  34  28
  0 1 0 1  36   8  31  14
  0 0 2 2  27  21  13  15
  3 0 3 0  19  32  17  30
  0 0 0 0  22  24  35  25 *
One single tile solution to this puzzle - there may be more
   3   6  20  11   5   4
   9  29  34  28  33  16
  19  32  22  24  36   8
  17  30  35  25  31  14
  18  26  27  21  23  10
   2  12  13  15   7   1
