 8          puzzle size (rows and columns)
 3   8      # border colours  # inside colours
Top Rgt Bot Lft
 0  2  1  0
 0  2  3  0
 0  3  2  0
 0  2  2  0
 0  2 10  3
 0  2  7  1
 0  1 10  3
 0  2 10  1
 0  3  7  2
 0  3  5  2
 0  1  9  3
 0  3  9  2
 0  2  6  2
 0  1  6  3
 0  1 11  2
 0  3 11  2
 0  2  4  3
 0  1  6  2
 0  1  5  2
 0  3  8  1
 0  1  6  1
 0  1  7  1
 0  3  7  1
 0  3  8  3
 0  2  5  3
 0  3 11  3
 0  2  8  1
 0  1  5  1
 7  4 10  6
 5  4 10  5
 5  4 10  7
 5  7  7 10
 9  8  9  4
10 11  5 11
10  6  9  4
 8  4 10  8
 7  6  9  7
 9  8  9 11
 9 11  6  5
 7  8  6  6
10  5  4  5
10 11  9  8
 5  6  5  8
 8  6 11  8
10  5  9 11
 4  9  7  7
10  4 10 10
 5  5  8  4
 4 11  8  8
 9  6  9  4
 9  7 10  4
 8 10  5  6
11  7  4  7
 9 11  5  9
 9 11  7 10
 4  7  5  6
 6  6  8 11
 5  8  8  7
 8  7  5 11
 4  7 11  4
 6  4  8  9
 6  8  6 11
 7 10  9  6
11 11  4  6
2x2 solution sets
  0 0 3 0   2  16  23  53
  0 1 0 1  25   4  48  19
  3 0 3 2  12  54   1  28
  0 1 2 2  60   6  26   3
  0 0 0 0  17  18  46  61
  0 0 0 0   8   9  35  29
  0 1 0 1  59  22  58  27
  0 1 0 1  44  13  64  15
  0 0 2 2  38  49  11  20
  0 0 2 2  62  36  21   7
  3 0 3 0  14  56  10  30
  3 0 3 0   5  47  24  42
  0 0 0 0  37  52  33  43 *
  0 0 0 0  55  34  63  32 *
  0 0 0 0  51  31  45  41 *
  0 0 0 0  50  40  39  57 *
One single tile solution to this puzzle - there may be more
   2  16  17  18   8   9  25   4
  23  53  46  61  35  29  48  19
  14  56  37  52  55  34  59  22
  10  30  33  43  63  32  58  27
   5  47  51  31  50  40  44  13
  24  42  45  41  39  57  64  15
  12  54  38  49  62  36  60   6
   1  28  11  20  21   7  26   3
