 7          puzzle size (rows and columns)
 3   6      # border colours  # inside colours
Top Rgt Bot Lft
 0  1  1  0
 0  3  3  0
 0  2  3  0
 0  1  3  0
 0  3  4  2
 0  3  4  1
 0  3  8  2
 0  2  6  2
 0  3  7  1
 0  1  4  2
 0  1  6  3
 0  3  6  2
 0  1  9  1
 0  3  9  3
 0  1  4  1
 0  1  6  2
 0  2  5  2
 0  1  7  1
 0  3  6  3
 0  2  8  2
 0  2  8  3
 0  2  9  3
 0  2  5  1
 0  2  7  1
 5  9  7  6
 8  5  6  9
 5  8  7  5
 6  8  7  8
 6  4  8  9
 8  9  8  5
 4  9  4  8
 4  7  7  4
 9  9  9  5
 6  8  6  5
 7  5  6  4
 7  5  6  5
 6  6  7  7
 7  5  4  8
 7  4  8  7
 7  4  8  4
 9  7  4  6
 6  9  5  9
 8  7  4  9
 4  6  6  5
 8  4  5  5
 7  5  8  6
 4  9  7  5
 9  9  9  8
 4  5  9  8
2x2 solution sets
  0 0 3 0   3   5   7  49
  0 1 0 1   6   2  47  22
  3 0 3 2  23  44   1  16
  0 1 2 2  31  14  15   4
  0 0 0 0  19  11  34  28
  0 1 0 1  39  10  30  13
  0 0 2 2  46  36  21  12
  3 0 3 0  20  48  17  33
  0 0 0 0  29  40  26  45 *
One single tile solution to this puzzle - there may be more
   3   5  19  11  18   6   2
   7  49  34  28  38  47  22
  20  48  29  40  32  39  10
  17  33  26  45  35  30  13
   8  41  37  25  42  43   9
  23  44  46  36  27  31  14
   1  16  21  12  24  15   4
