 9          puzzle size (rows and columns)
 3   8      # border colours  # inside colours
Top Rgt Bot Lft
 0  1  2  0
 0  1  3  0
 0  2  1  0
 0  2  3  0
 0  1 11  2
 0  2 11  2
 0  2 10  3
 0  3 10  2
 0  3  5  3
 0  1  6  2
 0  3  7  3
 0  2 11  1
 0  3  8  1
 0  3  6  2
 0  3  8  2
 0  1  4  2
 0  1  7  2
 0  1 10  2
 0  2 10  1
 0  3 11  1
 0  3  9  3
 0  1 10  1
 0  2  8  3
 0  3  5  1
 0  1  5  1
 0  2  4  3
 0  3  8  3
 0  2  9  3
 0  1  5  3
 0  2  5  1
 0  3 10  1
 0  2  4  2
 5 10  4  5
 8  7  5 10
10  6  9  9
11  5  6 10
 9  9  8 11
 8  7  4  6
 9  5 10  6
 8 11  4  8
 7  6  5  6
 6  7 11  6
 4  7  5  8
 6 11 10  4
 6  5  8  5
 4  6  7  4
 4  6  9  5
 8  7 11  7
 6  9  8  7
 4 11  5  6
 9  5 11 11
10  7  7 11
 8  7  9  4
 5  7  4 10
 9  4 10 11
 8 11 10  4
 7  6  9  9
 6  8  9  7
11  4 11  7
10  4  8  7
 4  4  5 10
 4  7 11  7
10 10 10  7
 9  6  6  7
 4  8  9  5
10 11  4  5
11 10  9  8
 9 11  4  5
 5 10  6 11
 9  4  8  6
 7  5  4 10
 5  5  6  5
 8  9  9  7
11  9  7  8
 9 11  9  7
 5  8  8  4
 6  8  6  9
 8  7  4  8
 9  6  6 11
11  8  6  9
10 10 10 11
2x2 solution sets
  0 0 3 0   2  25   9  33
  0 1 0 1  28   1  39  30
  3 0 3 2   6  52   3  17
  0 1 2 2  63   8  18   4
  0 0 0 0  13   7  34  60
  0 0 0 0  15  27  53  73
  0 1 0 1  35  10  75  12
  0 1 0 1  70  32  56   5
  0 0 2 2  49  77  23  14
  0 0 2 2  78  58  26  21
  3 0 3 0  31  61  22  54
  3 0 3 0  29  65  20  79
  0 0 0 0  76  40  48  62 *
  0 0 0 0  51  68  59  46 *
  0 0 0 0  74  80  41  42 *
  0 0 0 0  67  71  64  50 *
One single tile solution to this puzzle - there may be more
   2  25  13   7  15  27  11  28   1
   9  33  34  60  53  73  57  39  30
  31  61  76  40  51  68  37  35  10
  22  54  48  62  59  46  38  75  12
  29  65  74  80  67  71  47  70  32
  20  79  41  42  64  50  55  56   5
  16  44  69  36  45  72  66  81  19
   6  52  49  77  78  58  43  63   8
   3  17  23  14  26  21  24  18   4
