 8          puzzle size (rows and columns)
 3   8      # border colours  # inside colours
Top Rgt Bot Lft
 0  3  3  0
 0  2  1  0
 0  2  3  0
 0  1  2  0
 0  2  7  3
 0  3  8  2
 0  2  8  3
 0  3  6  2
 0  1  5  3
 0  3  9  3
 0  2 10  3
 0  2  7  2
 0  3  5  1
 0  1 10  3
 0  3  9  2
 0  2  6  2
 0  2  8  1
 0  3  9  1
 0  1  6  1
 0  3  4  2
 0  1  5  1
 0  1  7  2
 0  2 10  1
 0  1  4  3
 0  2  5  2
 0  3  7  1
 0  1  8  1
 0  1  4  2
10  6 11  9
 5 11 10  8
 7  7  4  6
 6  7  5  6
 8  6  9  4
11 10 10 11
 5 10  7  6
11  7  8  5
11  9 11  7
 5  9  6  7
 9  8  8  9
11  9  8  5
 6 11 11  6
 9  5  7  4
 9  8  8 11
 9  7  7  9
 7  8  5  7
10  6  8  4
11 11 10  5
 5  9 11  6
10  5  7 10
 4  7  5 10
 5  6  7  5
 4  4  5  7
10  4  4  6
11  6  6 10
11  4  4  8
 8  8  4  5
 4  6  4  9
 8 10 11  8
 9  5 11  4
 8 10  9 11
 7  6  9  4
 4  6 10  8
 5  8  6  7
10 10 11  9
2x2 solution sets
  0 0 3 0   1  11  10  29
  0 1 0 1  18   3  43   6
  3 0 3 2  20  42   2  22
  0 1 2 2  46  16  17   4
  0 0 0 0  12  25  31  38
  0 0 0 0  15   9  39  30
  0 1 0 1  56   7  62   8
  0 1 0 1  64  14  34  23
  0 0 2 2  51  35   5  26
  0 0 2 2  54  53  19  28
  3 0 3 0  13  40  27  58
  3 0 3 0  21  36  24  33
  0 0 0 0  57  41  50  37 *
  0 0 0 0  60  49  44  45 *
  0 0 0 0  63  55  32  52 *
  0 0 0 0  61  48  59  47 *
One single tile solution to this puzzle - there may be more
   1  11  12  25  15   9  18   3
  10  29  31  38  39  30  43   6
  13  40  57  41  60  49  56   7
  27  58  50  37  44  45  62   8
  21  36  63  55  61  48  64  14
  24  33  32  52  59  47  34  23
  20  42  51  35  54  53  46  16
   2  22   5  26  19  28  17   4
