 9          puzzle size (rows and columns)
 3   8      # border colours  # inside colours
Top Rgt Bot Lft
 0  3  3  0
 0  2  2  0
 0  2  1  0
 0  3  1  0
 0  1  4  2
 0  1  5  2
 0  3 11  1
 0  1  6  3
 0  1  6  1
 0  3  5  3
 0  1  7  3
 0  2 11  3
 0  3  8  3
 0  3  8  1
 0  1 11  2
 0  1  8  2
 0  3 11  2
 0  2  9  3
 0  1  4  3
 0  2 10  2
 0  2 11  2
 0  2  7  2
 0  1  8  1
 0  2  8  2
 0  1  6  2
 0  2  9  1
 0  3  7  1
 0  2  8  3
 0  3 10  3
 0  2  4  1
 0  3  9  1
 0  3  7  3
 9  6  9  9
 6  7  7 11
 6  9  4  9
 4  7  7 10
 8  4  7  7
10  4  5  8
 5 10  7  4
 5  8  8  4
 8  6  4  8
 8  9  4  6
 5  9  9  4
 4 11  9  5
 5  7  7 11
10  6  5 10
 8  5 10  4
10  5  5  6
11  5  5  7
 7  4 11 10
 6  6  7 11
 9  9 11  5
 9  4 10  4
10 11  7  8
 8  4 10  6
 8 10  7  7
11  6  9  4
 4  9  8  6
 6  8  8  5
11 10  8 10
 9 10  5  7
 7 10  9 11
 7 11  5  9
 5  6  6 10
10  5  9  5
 9  9  8  6
 7  5  6  9
10  9 10 10
11 10  8  4
10  4 11  6
11  5  6  4
 9  8 11  6
 4  7  6  5
 7 11 11  5
 7 11 10  8
 9  5 11  9
11  4  5 10
 8  6 11  8
 5  4 10  7
11  6  4  6
 7  6  8  4
2x2 solution sets
  0 0 3 0   1  18  27  61
  0 1 0 1  12   2  71   6
  3 0 3 2  29  64   4   8
  0 1 2 2  81   9  24   3
  0 0 0 0  21  20  60  68
  0 0 0 0  22  25  63  51
  0 1 0 1  59  23  42  26
  0 1 0 1  44  15  66  31
  0 0 2 2  48  74  10   7
  0 0 2 2  45  56  11  32
  3 0 3 0   5  40  30  47
  3 0 3 0  16  54  28  75
  0 0 0 0  41  70  73  49 *
  0 0 0 0  43  67  52  35 *
  0 0 0 0  34  79  62  46 *
  0 0 0 0  57  58  72  78 *
One single tile solution to this puzzle - there may be more
   1  18  21  20  22  25  14  12   2
  27  61  60  68  63  51  55  71   6
   5  40  41  70  43  67  65  59  23
  30  47  73  49  52  35  33  42  26
  16  54  34  79  57  58  76  44  15
  28  75  62  46  72  78  80  66  31
  13  38  53  39  77  69  36  37  19
  29  64  48  74  45  56  50  81   9
   4   8  10   7  11  32  17  24   3
