 9          puzzle size (rows and columns)
 3   8      # border colours  # inside colours
Top Rgt Bot Lft
 0  3  1  0
 0  3  2  0
 0  1  1  0
 0  2  2  0
 0  2  5  3
 0  2  4  1
 0  3  5  2
 0  1 11  1
 0  3  9  3
 0  3 10  3
 0  2 11  3
 0  1  9  3
 0  2  6  3
 0  3  8  2
 0  3  4  3
 0  2  9  3
 0  1  4  3
 0  3  4  2
 0  2  5  1
 0  3  7  1
 0  1  6  3
 0  3  6  2
 0  1  8  3
 0  2 10  2
 0  1  9  1
 0  1  7  1
 0  1 11  2
 0  2  9  1
 0  3  8  1
 0  1  7  2
 0  2  8  2
 0  2  5  2
 8 10 10  9
 7  5  7  6
 9  4  6  8
 6  8  7  5
 4  5  5 10
10  9 10  7
 9  7  4  9
 9  4 11  5
 5  8  6  5
 7  5  9  4
 8  6  9  8
 9  8  7  5
 4  6  9  5
10  8 10  7
10  7  4  4
10  5  9  7
 9  4  9  7
 9 11  9  5
 9  5 11  7
 7  7  8 11
10  9  4  8
 4  8  7 11
 8  6  8 11
 6  4  6  9
 4  5  5  4
 6 10 11  5
 8  5  7  6
 7  7  4  4
11 11  6  8
11 10  6  6
 6  6 11  5
10 11  6 10
11  5 11  8
11  5  9 11
 6  4  6 10
 9  7 11 10
11  6  8  4
 7  4  8  4
11  4  7  5
 8  6 10  6
 7 10  8  7
 9 11  9 10
10  7 11 11
 8 11  9  4
10  5  7 10
 6  8 10  8
 5 10 10  5
11 11  6  4
 4 10  8  6
2x2 solution sets
  0 0 3 0   4  31  28  33
  0 1 0 1  12   3  39  20
  3 0 3 2   5  71   1  26
  0 1 2 2  66  32  16   2
  0 0 0 0  24  14  64  55
  0 0 0 0  15   9  81  68
  0 1 0 1  45  13  49  18
  0 1 0 1  50  11  74  27
  0 0 2 2  76  52  25  23
  0 0 2 2  73  67  29  21
  3 0 3 0  30  46   6  47
  3 0 3 0   8  54  17  42
  0 0 0 0  78  43  48  44 *
  0 0 0 0  72  62  53  56 *
  0 0 0 0  35  70  63  59 *
  0 0 0 0  57  58  41  65 *
One single tile solution to this puzzle - there may be more
   4  31  24  14  15   9  10  12   3
  28  33  64  55  81  68  38  39  20
  30  46  78  43  72  62  77  45  13
   6  47  48  44  53  56  60  49  18
   8  54  35  70  57  58  37  50  11
  17  42  63  59  41  65  79  74  27
   7  40  69  34  36  61  75  51  19
   5  71  76  52  73  67  80  66  32
   1  26  25  23  29  21  22  16   2
