 6          puzzle size (rows and columns)
 3   6      # border colours  # inside colours
Top Rgt Bot Lft
 0  2  1  0
 0  2  3  0
 0  2  2  0
 0  3  2  0
 0  2  5  1
 0  3  7  3
 0  1  6  1
 0  1  9  2
 0  2  6  3
 0  1  4  3
 0  1  4  2
 0  3  8  2
 0  3  6  3
 0  3  4  2
 0  3  6  2
 0  2  9  1
 0  1  8  3
 0  3  8  1
 0  2  7  3
 0  1  5  1
 4  9  4  5
 4  7  7  8
 7  4  9  5
 8  5  6  6
 6  4  5  7
 4  7  4  4
 7  8  8  7
 9  8  9  5
 5  8  6  7
 5  6  4  8
 5  5  7  6
 9  8  8  6
 9  6  8  7
 9  7  5  8
 9  6  5  9
 6  5  9  7
2x2 solution sets
  0 0 3 0   3   8  19  33
  0 1 0 1  16   4  35   9
  3 0 3 2  15  32   2  18
  0 1 2 2  30   7  14   1
  0 0 0 0   5  11  31  21
  0 1 0 1  29  12  25  10
  0 0 2 2  34  27  20  17
  3 0 3 0  13  24   6  36
  0 0 0 0  23  26  28  22 *
One single tile solution to this puzzle - there may be more
   3   8   5  11  16   4
  19  33  31  21  35   9
  13  24  23  26  29  12
   6  36  28  22  25  10
  15  32  34  27  30   7
   2  18  20  17  14   1
