 6          puzzle size (rows and columns)
 3   6      # border colours  # inside colours
Top Rgt Bot Lft
 0  2  1  0
 0  3  2  0
 0  3  1  0
 0  3  3  0
 0  1  5  3
 0  3  9  2
 0  1  8  1
 0  1  6  1
 0  3  5  2
 0  2  7  2
 0  1  4  1
 0  2  9  2
 0  1  9  3
 0  3  7  3
 0  2  9  3
 0  2  4  3
 0  3  7  2
 0  2  6  3
 0  1  6  2
 0  2  6  1
 4  5  9  5
 7  9  5  4
 7  4  6  8
 9  7  7  6
 8  5  8  9
 6  6  8  5
 5  5  7  8
 7  8  4  7
 5  6  4  6
 4  8  7  9
 7  9  8  8
 8  6  6  5
 7  4  8  9
 4  8  5  7
 8  5  4  4
 9  6  5  6
2x2 solution sets
  0 0 3 0   1   6  19  24
  0 1 0 1  14   4  22  13
  3 0 3 2  15  33   3   7
  0 1 2 2  36  18   5   2
  0 0 0 0  16  17  34  23
  0 1 0 1  29  20  21   9
  0 0 2 2  35  32  11   8
  3 0 3 0  10  28  12  30
  0 0 0 0  27  26  31  25 *
One single tile solution to this puzzle - there may be more
   1   6  16  17  14   4
  19  24  34  23  22  13
  10  28  27  26  29  20
  12  30  31  25  21   9
  15  33  35  32  36  18
   3   7  11   8   5   2
