 7          puzzle size (rows and columns)
 3   6      # border colours  # inside colours
Top Rgt Bot Lft
 0  3  2  0
 0  3  1  0
 0  2  1  0
 0  1  2  0
 0  2  4  1
 0  1  9  3
 0  2  9  2
 0  3  5  2
 0  3  7  3
 0  2  7  3
 0  2  6  1
 0  1  5  2
 0  2  8  1
 0  1  9  1
 0  1  8  1
 0  1  8  2
 0  1  4  1
 0  2  6  2
 0  1  5  3
 0  3  7  2
 0  3  9  3
 0  3  4  3
 0  2  4  3
 0  3  5  3
 7  5  8  5
 7  4  4  9
 4  6  8  6
 6  8  8  6
 8  7  6  8
 9  4  4  7
 9  8  9  4
 8  9  5  9
 5  6  8  4
 4  6  7  6
 7  6  8  9
 8  8  7  5
 5  6  9  6
 9  4  9  6
 4  9  8  5
 9  7  7  7
 7  4  6  4
 9  7  5  8
 6  5  7  5
 6  5  9  4
 8  7  4  8
 4  5  9  5
 7  5  4  5
 5  7  6  7
 6  6  8  9
2x2 solution sets
  0 0 3 0   2   9   6  35
  0 1 0 1   7   1  42  10
  3 0 3 2   8  25   3  15
  0 1 2 2  49  18  13   4
  0 0 0 0  23  12  34  37
  0 1 0 1  48  20  43  19
  0 0 2 2  46  47  14  17
  3 0 3 0  21  32  22  33
  0 0 0 0  26  31  27  38 *
One single tile solution to this puzzle - there may be more
   2   9  23  12  11   7   1
   6  35  34  37  28  42  10
  21  32  26  31  29  48  20
  22  33  27  38  44  43  19
  24  36  45  40  30  41   5
   8  25  46  47  39  49  18
   3  15  14  17  16  13   4
