 8          puzzle size (rows and columns)
 3   8      # border colours  # inside colours
Top Rgt Bot Lft
 0  1  1  0
 0  1  2  0
 0  2  3  0
 0  3  3  0
 0  1  5  3
 0  1 10  2
 0  2 11  3
 0  3  4  2
 0  3 10  3
 0  1  8  1
 0  1  5  2
 0  2  7  2
 0  2  9  3
 0  3  7  1
 0  3  9  2
 0  1  6  3
 0  3  8  1
 0  1  9  3
 0  2  6  2
 0  2  8  3
 0  1  7  2
 0  2  4  1
 0  2 10  1
 0  3  4  1
 0  2 11  1
 0  3  6  2
 0  2  9  1
 0  3  5  2
 5 10  5  8
 4  5  6 10
 7 11  7  9
 5 10 10 11
 8  6 11  7
 5 10  7  6
 9  8  9 10
 6 10 10 10
 8  4  8 11
 7  9 11 11
 8  8  7  8
 7  6  9 11
 8  8 11  5
11  4  7  9
 9  4 10  6
10  9  4 11
 8  6  9 10
11  5  4  5
 6 10  5  4
 5  5  4 10
 4  7  9  6
11  7  8  7
 4 10  8  4
 9  4  4  6
 4 11  5  4
 8  7  5  4
 5  6  8  7
 5  7  7  5
 6  5  9  7
 9 11  5  7
 8  6  6  8
 9  6  8 10
11 11  8  9
11 10 11  5
 9  4  7  6
 7  6  6  6
2x2 solution sets
  0 0 3 0   4  20  24  54
  0 1 0 1  18   1  63  22
  3 0 3 2  27  31   2  12
  0 1 2 2  36   9   6   3
  0 0 0 0  26   7  57  46
  0 0 0 0  11  17  56  33
  0 1 0 1  40  19  43   8
  0 1 0 1  44  13  30  28
  0 0 2 2  32  60  23  10
  0 0 2 2  64  34  16  14
  3 0 3 0  21  55  25  37
  3 0 3 0   5  41  15  42
  0 0 0 0  52  53  51  48 *
  0 0 0 0  38  61  62  45 *
  0 0 0 0  59  49  47  35 *
  0 0 0 0  50  58  39  29 *
One single tile solution to this puzzle - there may be more
   4  20  26   7  11  17  18   1
  24  54  57  46  56  33  63  22
  21  55  52  53  38  61  40  19
  25  37  51  48  62  45  43   8
   5  41  59  49  50  58  44  13
  15  42  47  35  39  29  30  28
  27  31  32  60  64  34  36   9
   2  12  23  10  16  14   6   3
