 6          puzzle size (rows and columns)
 3   6      # border colours  # inside colours
Top Rgt Bot Lft
 0  3  2  0
 0  3  3  0
 0  1  1  0
 0  3  1  0
 0  3  7  2
 0  2  4  3
 0  1  9  1
 0  3  6  2
 0  1  6  2
 0  2  6  3
 0  2  7  3
 0  2  5  1
 0  1  6  3
 0  2  5  2
 0  1  5  3
 0  3  8  1
 0  1  4  2
 0  2  8  1
 0  3  7  3
 0  2  9  2
 7  5  7  8
 7  4  6  4
 6  5  9  8
 5  8  9  9
 5  6  4  4
 4  6  8  6
 6  8  5  9
 9  6  4  7
 8  9  8  6
 8  4  6  7
 8  9  7  7
 9  7  5  5
 5  5  8  4
 4  9  5  5
 4  7  7  8
 6  7  8  9
2x2 solution sets
  0 0 3 0   1  19  18  21
  0 1 0 1   9   3  23  12
  3 0 3 2  10  29   2  16
  0 1 2 2  31   7  11   4
  0 0 0 0   6  14  34  24
  0 1 0 1  28   8  26  13
  0 0 2 2  27  35  15   5
  3 0 3 0  17  22  20  36
  0 0 0 0  33  32  30  25 *
One single tile solution to this puzzle - there may be more
   1  19   6  14   9   3
  18  21  34  24  23  12
  17  22  33  32  28   8
  20  36  30  25  26  13
  10  29  27  35  31   7
   2  16  15   5  11   4
