 9          puzzle size (rows and columns)
 3   8      # border colours  # inside colours
Top Rgt Bot Lft
 0  3  3  0
 0  1  1  0
 0  3  2  0
 0  2  1  0
 0  1  7  2
 0  3  5  3
 0  3  8  2
 0  2  4  3
 0  1  6  1
 0  2 10  2
 0  2  9  1
 0  2  6  2
 0  3  9  2
 0  3 10  2
 0  1  6  2
 0  1  8  3
 0  2  4  1
 0  3 11  2
 0  3 11  1
 0  1 11  3
 0  2  7  3
 0  2  9  3
 0  2  8  1
 0  3  8  3
 0  1  5  1
 0  1  7  3
 0  2  8  3
 0  3  4  1
 0  1  9  2
 0  2 10  1
 0  3  6  2
 0  1  5  3
 4  6  8 11
 5  9  7 10
 5  4 11  4
 4  9 11  4
 6 10  4 11
10 11  7  6
 9  7  7 10
 5  5  5  6
 7  8  5 10
 9  8  9  9
10  4  5  5
10  6  5  9
 8 10 11  7
 8  9  7 11
 7  7  7 10
 5  6  5 10
10  4 10 10
 9 11  4  9
 4  8 10  6
 4 10  9  4
 9  7  4  5
 5  8  5  6
 7  7  5  8
 7  5  5  7
 6  4  5  6
 6  6  8  5
 5 11 11  4
 8 11  7  8
 7 11  7  6
 8  9  4 10
11  5  8  4
 5  9  8  4
11  4  6  9
10  9  8 11
 7  8 10  8
 4  7 11  7
11  6 11  5
11  9  8  6
11  4  5  6
 4 10 11  6
11  8  4  7
11 10  9  6
 7  6  4  9
 9  9  8  8
11 11 10  7
 5  7  6  9
 6 10  6  8
 8  6 10  9
10 10  9  4
2x2 solution sets
  0 0 3 0   2  30  32  43
  0 1 0 1  11   3  39  26
  3 0 3 2  12  54   4  25
  0 1 2 2  60  18  21   1
  0 0 0 0  10   5  81  47
  0 0 0 0  28  20  68  77
  0 1 0 1  61  19  41  27
  0 1 0 1  34  13  67  24
  0 0 2 2  76  44  16   6
  0 0 2 2  70  75   7   8
  3 0 3 0  31  40  17  35
  3 0 3 0  29  65  23  79
  0 0 0 0  53  56  36  78 *
  0 0 0 0  69  38  73  55 *
  0 0 0 0  63  58  62  80 *
  0 0 0 0  72  48  71  64 *
One single tile solution to this puzzle - there may be more
   2  30  10   5  28  20   9  11   3
  32  43  81  47  68  77  37  39  26
  31  40  53  56  69  38  33  61  19
  17  35  36  78  73  55  45  41  27
  29  65  63  58  72  48  74  34  13
  23  79  62  80  71  64  42  67  24
  15  57  52  49  59  46  50  66  22
  12  54  76  44  70  75  51  60  18
   4  25  16   6   7   8  14  21   1
