 8          puzzle size (rows and columns)
 3   8      # border colours  # inside colours
Top Rgt Bot Lft
 0  1  3  0
 0  1  2  0
 0  3  3  0
 0  3  2  0
 0  3  5  1
 0  3  9  2
 0  2  5  2
 0  1  6  3
 0  1  8  1
 0  2  7  3
 0  1  4  3
 0  2  4  1
 0  3  7  1
 0  2 10  1
 0  3 11  3
 0  2  9  1
 0  1  8  2
 0  3 11  2
 0  2  5  1
 0  1  7  1
 0  1  6  2
 0  2  6  3
 0  3  6  2
 0  3  6  1
 0  2  8  2
 0  2 10  3
 0  2  9  2
 0  1  7  3
 9 10  4  8
 6  9  5 10
 8 10  7  9
 4  5  7  6
 7  5  4  6
11  7  4  5
 5  9  7  5
 7  6  4 10
 8  9 11  5
 6  7  9  5
 4  8 11 10
10  5 11 11
11  8  9  7
 5 11  7  6
 7  6 10  9
 4  4  4  6
 5 10  4  8
 6  7  7  8
 7  7 11 10
 6  7  9 10
 4 10  5  5
 6  9  4 11
 8  6  6  9
11 10 11  8
 4 10  8  7
 5  8 11  9
 8  8 11  4
11  5  8 11
 9  4  9  5
 4  8  4  9
 9  7  6  6
10  6  8 10
11  5  5  5
 7 11 10 10
 8 11  6  4
 8 10  8  9
2x2 solution sets
  0 0 3 0   1   5  23  42
  0 1 0 1  24   3  48  28
  3 0 3 2  19  57   2  16
  0 1 2 2  29  14  11   4
  0 0 0 0  22  25  50  64
  0 0 0 0  21   9  30  31
  0 1 0 1  59  20  46  13
  0 1 0 1  47  10  41  17
  0 0 2 2  63  40   8  15
  0 0 2 2  37  58  18  12
  3 0 3 0  27  43  26  60
  3 0 3 0   6  51   7  38
  0 0 0 0  44  55  32  61 *
  0 0 0 0  45  36  49  39 *
  0 0 0 0  33  35  53  62 *
  0 0 0 0  54  52  56  34 *
One single tile solution to this puzzle - there may be more
   1   5  22  25  21   9  24   3
  23  42  50  64  30  31  48  28
  27  43  44  55  45  36  59  20
  26  60  32  61  49  39  46  13
   6  51  33  35  54  52  47  10
   7  38  53  62  56  34  41  17
  19  57  63  40  37  58  29  14
   2  16   8  15  18  12  11   4
