 7          puzzle size (rows and columns)
 3   6      # border colours  # inside colours
Top Rgt Bot Lft
 0  3  1  0
 0  1  3  0
 0  2  3  0
 0  2  1  0
 0  1  5  1
 0  2  5  2
 0  3  4  2
 0  1  6  2
 0  2  6  1
 0  2  7  3
 0  3  8  2
 0  3  4  1
 0  3  5  2
 0  3  7  3
 0  2  8  2
 0  1  6  3
 0  1  7  1
 0  3  4  3
 0  1  9  3
 0  2  9  2
 0  1  6  1
 0  2  4  1
 0  1  8  3
 0  3  6  2
 9  8  8  4
 4  4  5  7
 7  4  9  9
 8  7  7  7
 5  8  4  4
 8  8  5  7
 6  7  9  8
 4  5  5  6
 7  5  6  8
 6  7  7  6
 9  7  7  8
 7  9  4  7
 4  5  6  4
 6  6  7  5
 9  8  5  4
 9  4  7  8
 9  6  4  6
 5  9  6  9
 7  6  9  8
 8  5  9  9
 5  8  9  4
 5  4  5  5
 5  9  5  8
 9  6  6  8
 9  6  8  4
2x2 solution sets
  0 0 3 0   3  20   7  25
  0 1 0 1  19   1  49  16
  3 0 3 2  15  33   4   8
  0 1 2 2  34  14  17   2
  0 0 0 0  24  23  31  28
  0 1 0 1  44   5  41   9
  0 0 2 2  46  29   6  22
  3 0 3 0  10  30  18  45
  0 0 0 0  35  36  43  32 *
One single tile solution to this puzzle - there may be more
   3  20  24  23  12  19   1
   7  25  31  28  26  49  16
  10  30  35  36  42  44   5
  18  45  43  32  38  41   9
  11  40  39  47  27  37  13
  15  33  46  29  48  34  14
   4   8   6  22  21  17   2
