 7          puzzle size (rows and columns)
 3   6      # border colours  # inside colours
Top Rgt Bot Lft
 0  1  2  0
 0  1  3  0
 0  2  1  0
 0  1  1  0
 0  2  7  3
 0  3  9  1
 0  3  6  2
 0  2  8  1
 0  2  5  2
 0  3  6  1
 0  1  8  2
 0  2  7  2
 0  2  4  1
 0  3  9  2
 0  3  5  2
 0  1  7  3
 0  3  8  3
 0  3  6  3
 0  2  8  3
 0  3  8  2
 0  1  9  3
 0  2  7  1
 0  1  7  1
 0  1  5  3
 8  4  9  7
 9  4  5  4
 9  6  4  4
 7  7  6  6
 5  6  8  8
 4  5  4  4
 9  5  4  8
 4  6  5  7
 7  4  4  8
 5  6  5  7
 8  5  9  4
 4  8  7  5
 5  4  7  5
 9  9  8  5
 7  5  8  8
 7  7  9  7
 5  5  8  6
 9  4  9  5
 8  6  9  9
 4  8  9  6
 6  8  6  6
 6  4  7  5
 8  6  9  4
 9  6  7  9
 9  6  7  6
2x2 solution sets
  0 0 3 0   3  20  16  25
  0 1 0 1   9   1  34  10
  3 0 3 2   6  48   4  23
  0 1 2 2  49   7  22   2
  0 0 0 0  21   8  26  47
  0 1 0 1  29  18  35  24
  0 0 2 2  41  38  11  19
  3 0 3 0  17  31  15  36
  0 0 0 0  37  27  33  30 *
One single tile solution to this puzzle - there may be more
   3  20  21   8  12   9   1
  16  25  26  47  28  34  10
  17  31  37  27  45  29  18
  15  36  33  30  46  35  24
   5  40  32  44  39  42  13
   6  48  41  38  43  49   7
   4  23  11  19  14  22   2
