 7          puzzle size (rows and columns)
 3   6      # border colours  # inside colours
Top Rgt Bot Lft
 0  1  3  0
 0  2  3  0
 0  3  2  0
 0  1  1  0
 0  2  6  3
 0  3  4  2
 0  1  8  3
 0  3  7  1
 0  2  6  2
 0  1  8  1
 0  3  6  2
 0  2  7  2
 0  1  7  3
 0  1  4  1
 0  3  9  2
 0  2  7  3
 0  2  8  1
 0  3  8  2
 0  3  5  1
 0  1  9  3
 0  3  4  1
 0  2  9  2
 0  2  4  3
 0  1  6  1
 9  8  4  4
 7  4  5  8
 7  5  7  9
 8  4  7  6
 4  7  5  5
 8  4  6  4
 5  6  9  6
 7  5  6  9
 5  8  4  7
 9  8  7  4
 5  6  9  9
 5  8  9  8
 9  9  6  8
 4  5  5  9
 4  6  7  6
 5  8  7  5
 5  9  5  5
 7  5  4  9
 6  6  8  5
 4  4  9  6
 6  9  7  8
 7  9  8  8
 4  9  5  4
 7  6  7  8
 8  6  7  6
2x2 solution sets
  0 0 3 0   4  17  24  28
  0 1 0 1  19   2  33  18
  3 0 3 2  20  32   3   9
  0 1 2 2  49  11   8   1
  0 0 0 0   6  13  47  42
  0 1 0 1  44  23  37  15
  0 0 2 2  40  36  12  22
  3 0 3 0   7  46  21  30
  0 0 0 0  35  39  25  26 *
One single tile solution to this puzzle - there may be more
   4  17   6  13  14  19   2
  24  28  47  42  29  33  18
   7  46  35  39  31  44  23
  21  30  25  26  34  37  15
  10  45  38  41  27  43   5
  20  32  40  36  48  49  11
   3   9  12  22  16   8   1
