 8          puzzle size (rows and columns)
 3   8      # border colours  # inside colours
Top Rgt Bot Lft
 0  2  2  0
 0  2  1  0
 0  3  1  0
 0  2  3  0
 0  1  8  2
 0  2 10  2
 0  1  9  2
 0  3 11  3
 0  2  6  3
 0  3  9  3
 0  2  8  3
 0  1  4  2
 0  2 10  1
 0  3  7  3
 0  3 11  1
 0  2  6  2
 0  3  8  1
 0  3 10  2
 0  1  8  1
 0  3 10  3
 0  1 11  3
 0  2  7  1
 0  1  5  1
 0  3  8  2
 0  1  4  1
 0  1  7  2
 0  1 10  2
 0  2  4  3
11  8 10  7
 5 11  5  8
 6  6 10  8
 6  7  6  9
 8 10  4  5
 9  6  4  5
 8  8  5  7
 9  6  4  7
 8 11 11  5
 5  8  8  9
11  7  5  5
 5 10  6  6
 7  5  9  8
11  7  9  8
 4 11 10  6
 4  7  7  9
 5  5  4  9
 4  6  8  7
 4  5  5  8
10  7  5 10
 4  8  6  4
 6  6  8  6
 9 10  9 11
11  7 10  9
 5  9  4  6
11  6  8  7
 6  9 11  7
10  5  9  5
10  5  6  4
 7 11 11  6
 4  7  7 10
 9  9  4  7
 4  9  8 11
 5 10 11 11
10  7  4 10
11  9  4  6
2x2 solution sets
  0 0 3 0   1  18  28  57
  0 1 0 1  23   3  62  20
  3 0 3 2  16  50   2  19
  0 1 2 2  64  10  12   4
  0 0 0 0   8  21  39  29
  0 0 0 0  22   5  41  37
  0 1 0 1  54   9  33   6
  0 1 0 1  59  26  58  15
  0 0 2 2  43  61  27  11
  0 0 2 2  44  46  14  17
  3 0 3 0  24  31  13  63
  3 0 3 0  25  49   7  32
  0 0 0 0  40  48  55  38 *
  0 0 0 0  60  52  47  56 *
  0 0 0 0  42  35  36  53 *
  0 0 0 0  30  51  45  34 *
One single tile solution to this puzzle - there may be more
   1  18   8  21  22   5  23   3
  28  57  39  29  41  37  62  20
  24  31  40  48  60  52  54   9
  13  63  55  38  47  56  33   6
  25  49  42  35  30  51  59  26
   7  32  36  53  45  34  58  15
  16  50  43  61  44  46  64  10
   2  19  27  11  14  17  12   4
