 9          puzzle size (rows and columns)
 3   8      # border colours  # inside colours
Top Rgt Bot Lft
 0  1  1  0
 0  2  3  0
 0  2  2  0
 0  1  2  0
 0  1 11  3
 0  3  6  3
 0  3  4  1
 0  2  9  3
 0  3  8  2
 0  1  7  1
 0  2  9  1
 0  2  4  1
 0  3 10  2
 0  1  8  3
 0  2  8  3
 0  3 11  2
 0  3  6  2
 0  3  6  1
 0  3  5  3
 0  2  5  3
 0  1  8  2
 0  1  4  2
 0  2  5  2
 0  3  7  1
 0  1  6  1
 0  1  7  2
 0  2  8  1
 0  1  7  3
 0  3  4  2
 0  2 10  3
 0  3  7  3
 0  2  6  1
 9 10  4  5
 4  5  8  5
11  9  9  9
 9 11  9  5
 4  4 10  9
 7  6 11 11
 9  9  8  4
11  5  4  5
 8 11  6  9
 4  4  9  5
10  4  6  8
 4  6  7  7
10  7 10 10
 5  8  7 10
11  5  6 10
 9 11  7  9
10  6  4  6
 6 11 10  6
 6 10 11  4
 9  5 11 11
 6  8  7 10
 6  5  6  8
 4  4  5  6
 4  9  6  4
10  8 11 11
 5  4  9 11
10  7 10  4
 6 11  9  9
10  6  8  6
 7  5  4  8
 5  7 10  5
 7  5  5 11
11  7  9 11
 7 11 11 11
 8  7  9  7
 7 10  8  7
 7 10 10  7
11  5  5  5
 8  4  5  5
10 11 10  6
11  8 10  9
10  8  4 11
 9  7  9  8
 9  5  8  7
 8  8  6  7
 6  9  8  5
 4  6  8  8
 6  4 10  4
 8  9 10  7
2x2 solution sets
  0 0 3 0   2  29  19  34
  0 1 0 1  12   3  55  22
  3 0 3 2  27  75   4  11
  0 1 2 2  77  14  32   1
  0 0 0 0   6   5  78  35
  0 0 0 0  25  24  60  66
  0 1 0 1  63  10  43   7
  0 1 0 1  53  15  62  23
  0 0 2 2  68  45  21  30
  0 0 2 2  76  71   9  20
  3 0 3 0  31  81  16  74
  3 0 3 0   8  37  18  61
  0 0 0 0  41  52  54  40 *
  0 0 0 0  33  47  42  51 *
  0 0 0 0  80  56  49  50 *
  0 0 0 0  48  65  64  36 *
One single tile solution to this puzzle - there may be more
   2  29   6   5  25  24  28  12   3
  19  34  78  35  60  66  38  55  22
  31  81  41  52  33  47  70  63  10
  16  74  54  40  42  51  46  43   7
   8  37  80  56  48  65  69  53  15
  18  61  49  50  64  36  57  62  23
  26  67  44  72  58  39  73  79  17
  27  75  68  45  76  71  59  77  14
   4  11  21  30   9  20  13  32   1
