 7          puzzle size (rows and columns)
 3   6      # border colours  # inside colours
Top Rgt Bot Lft
 0  2  2  0
 0  3  3  0
 0  1  2  0
 0  3  1  0
 0  3  6  1
 0  2  4  1
 0  3  7  3
 0  1  6  3
 0  3  5  2
 0  1  9  3
 0  1  4  1
 0  3  8  3
 0  2  5  1
 0  2  5  3
 0  1  5  1
 0  1  5  2
 0  2  9  2
 0  2  4  3
 0  3  6  2
 0  2  8  3
 0  2  8  2
 0  3  9  1
 0  1  6  1
 0  1  6  2
 6  5  4  7
 7  4  7  8
 7  7  5  4
 4  8  4  9
 9  5  6  8
 5  8  6  8
 4  5  7  7
 5  7  5  8
 6  9  7  8
 8  8  6  4
 7  9  4  5
 7  7  8  9
 6  9  5  9
 5  9  4  5
 6  8  7  6
 6  6  5  9
 4  9  6  6
 4  6  8  5
 4  9  6  4
 5  8  9  9
 8  7  4  8
 9  7  8  9
 4  4  9  7
 6  9  7  7
 8  4  5  7
2x2 solution sets
  0 0 3 0   1  21  18  34
  0 1 0 1  17   3  29  15
  3 0 3 2  20  33   2   7
  0 1 2 2  49  11  14   4
  0 0 0 0   9   8  32  48
  0 1 0 1  40   5  38  10
  0 0 2 2  46  47  12  22
  3 0 3 0  19  39  13  35
  0 0 0 0  30  26  37  36 *
One single tile solution to this puzzle - there may be more
   1  21   9   8   6  17   3
  18  34  32  48  28  29  15
  19  39  30  26  43  40   5
  13  35  37  36  25  38  10
  24  41  44  45  31  42  23
  20  33  46  47  27  49  11
   2   7  12  22  16  14   4
