 8          puzzle size (rows and columns)
 3   8      # border colours  # inside colours
Top Rgt Bot Lft
 0  2  3  0
 0  3  1  0
 0  2  1  0
 0  3  3  0
 0  1  9  2
 0  1 11  3
 0  1  4  3
 0  1  5  2
 0  1  8  2
 0  2  4  1
 0  1  9  3
 0  1  6  2
 0  3 10  3
 0  3  5  1
 0  2  7  3
 0  1  7  1
 0  3  5  2
 0  3  5  3
 0  3 11  1
 0  2 10  1
 0  2  5  2
 0  3  9  2
 0  2  6  1
 0  2  8  2
 0  1  4  2
 0  2  6  3
 0  2  5  1
 0  3  8  2
 5  6  4  5
 6  7  7  7
 4 10  5  5
 6  9  4  6
 6  8 11  9
 8  7  9 10
10  4 10  5
 4  8  8  6
 8  4  8  6
 5  4  6 10
 9  6  7  9
 8  5 11  4
10  6  7  4
10  7  8  9
 7  8  4  9
 7  5 11  6
 7 10  6 11
 7  8 10  7
 8  4  7  8
10  7 10  6
11 10  4  8
 7  9  6  4
11  5 10 11
 8 11  9  9
10  7  9 11
11  6  6  5
11  9 10  8
 4 11  7  9
 6  9 10  7
 8 11  8  7
 5  5 11  8
10  9 11  4
 4  4  5  7
10  9  5  6
 5  9  8 11
11  6  5 11
2x2 solution sets
  0 0 3 0   1  25  18  31
  0 1 0 1  12   2  30  15
  3 0 3 2   6  64   4  17
  0 1 2 2  61   7  21   3
  0 0 0 0  27  24  38  40
  0 0 0 0   8  20  29  48
  0 1 0 1  46  28  62  11
  0 1 0 1  59  14  49  13
  0 0 2 2  32  52  10   5
  0 0 2 2  45  34  26  22
  3 0 3 0  19  63  16  58
  3 0 3 0   9  47  23  44
  0 0 0 0  33  55  51  35 *
  0 0 0 0  56  53  50  39 *
  0 0 0 0  60  42  54  37 *
  0 0 0 0  57  43  41  36 *
One single tile solution to this puzzle - there may be more
   1  25  27  24   8  20  12   2
  18  31  38  40  29  48  30  15
  19  63  33  55  56  53  46  28
  16  58  51  35  50  39  62  11
   9  47  60  42  57  43  59  14
  23  44  54  37  41  36  49  13
   6  64  32  52  45  34  61   7
   4  17  10   5  26  22  21   3
