 7          puzzle size (rows and columns)
 3   6      # border colours  # inside colours
Top Rgt Bot Lft
 0  1  2  0
 0  1  3  0
 0  2  2  0
 0  3  1  0
 0  3  4  3
 0  2  4  2
 0  2  7  3
 0  3  4  2
 0  3  4  1
 0  2  6  1
 0  2  8  2
 0  3  9  2
 0  1  8  3
 0  2  4  3
 0  3  6  1
 0  1  5  3
 0  1  8  1
 0  3  7  1
 0  1  7  2
 0  1  6  1
 0  2  9  3
 0  3  8  1
 0  2  9  2
 0  1  6  3
 6  7  4  8
 5  9  7  6
 7  7  6  8
 4  5  7  4
 5  8  4  7
 7  9  9  6
 5  4  8  4
 8  7  9  4
 9  9  4  9
 9  4  5  6
 7  5  9  6
 4  6  8  5
 8  7  8  8
 4  6  8  7
 8  5  8  7
 5  4  8  6
 9  6  9  7
 9  6  5  5
 8  6  6  7
 9  6  4  9
 8  9  9  7
 5  7  5  5
 5  8  5  6
 4  5  5  6
 9  4  7  5
2x2 solution sets
  0 0 3 0   4   5  24  48
  0 1 0 1  12   2  42  20
  3 0 3 2  11  25   3  14
  0 1 2 2  49   6  18   1
  0 0 0 0  16   9  46  38
  0 1 0 1  47  22  26  21
  0 0 2 2  29  27   8  10
  3 0 3 0  15  40  17  37
  0 0 0 0  31  32  45  33 *
One single tile solution to this puzzle - there may be more
   4   5  16   9   7  12   2
  24  48  46  38  35  42  20
  15  40  31  32  41  47  22
  17  37  45  33  44  26  21
  19  43  34  28  36  30  23
  11  25  29  27  39  49   6
   3  14   8  10  13  18   1
