 6          puzzle size (rows and columns)
 3   6      # border colours  # inside colours
Top Rgt Bot Lft
 0  3  2  0
 0  1  3  0
 0  3  3  0
 0  1  2  0
 0  1  8  3
 0  2  9  3
 0  1  9  2
 0  2  9  1
 0  3  5  3
 0  1  6  1
 0  2  6  2
 0  2  8  1
 0  3  7  1
 0  1  7  2
 0  3  4  1
 0  3  8  1
 0  3  9  2
 0  2  7  2
 0  2  6  3
 0  2  4  3
 6  8  4  8
 9  7  4  9
 7  4  6  4
 4  8  8  5
 6  6  7  7
 7  9  8  6
 4  8  7  4
 9  6  5  5
 8  5  8  8
 9  5  5  7
 4  7  6  5
 5  9  7  9
 7  8  6  6
 5  5  6  8
 6  5  4  9
 5  7  4  5
2x2 solution sets
  0 0 3 0   3   9  17  32
  0 1 0 1   8   1  28  19
  3 0 3 2  10  33   4  11
  0 1 2 2  21  16  15   2
  0 0 0 0   6   7  22  30
  0 1 0 1  36  18  31  14
  0 0 2 2  29  24  12   5
  3 0 3 0  20  23  13  25
  0 0 0 0  27  34  26  35 *
One single tile solution to this puzzle - there may be more
   3   9   6   7   8   1
  17  32  22  30  28  19
  20  23  27  34  36  18
  13  25  26  35  31  14
  10  33  29  24  21  16
   4  11  12   5  15   2
