 6          puzzle size (rows and columns)
 3   6      # border colours  # inside colours
Top Rgt Bot Lft
 0  2  2  0
 0  2  1  0
 0  3  2  0
 0  3  1  0
 0  1  9  3
 0  2  6  2
 0  3  6  2
 0  2  4  3
 0  1  4  3
 0  2  5  1
 0  1  9  2
 0  2  7  1
 0  1  6  3
 0  3  5  2
 0  3  6  1
 0  1  8  3
 0  2  7  2
 0  3  5  3
 0  1  9  1
 0  3  6  3
 6  8  5  5
 5  5  7  4
 5  8  8  8
 7  5  5  7
 9  6  4  8
 4  4  8  8
 4  9  9  9
 6  9  6  5
 7  4  7  7
 6  8  5  7
 5  8  6  4
 9  5  9  8
 8  7  6  6
 7  7  4  9
 8  7  6  8
 4  9  4  7
2x2 solution sets
  0 0 3 0   1  17  12  29
  0 1 0 1   8   3  27   5
  3 0 3 2   7  33   2  13
  0 1 2 2  36  11   9   4
  0 0 0 0  14  20  22  28
  0 1 0 1  32  10  25   6
  0 0 2 2  30  35  18  15
  3 0 3 0  19  34  16  26
  0 0 0 0  24  21  31  23 *
One single tile solution to this puzzle - there may be more
   1  17  14  20   8   3
  12  29  22  28  27   5
  19  34  24  21  32  10
  16  26  31  23  25   6
   7  33  30  35  36  11
   2  13  18  15   9   4
