 7          puzzle size (rows and columns)
 3   6      # border colours  # inside colours
Top Rgt Bot Lft
 0  1  1  0
 0  3  2  0
 0  2  2  0
 0  3  3  0
 0  1  5  2
 0  3  6  3
 0  3  7  1
 0  1  9  1
 0  1  8  1
 0  2  8  2
 0  3  6  2
 0  2  5  2
 0  2  7  1
 0  2  9  1
 0  2  4  1
 0  1  7  3
 0  1  5  1
 0  3  7  3
 0  2  4  2
 0  2  6  3
 0  1  5  3
 0  3  9  2
 0  3  8  3
 0  1  4  3
 9  9  4  8
 9  5  7  9
 6  6  6  5
 4  9  4  8
 5  6  7  4
 4  4  6  6
 5  6  9  4
 6  4  8  4
 7  5  8  5
 9  5  6  6
 7  8  4  8
 4  8  5  8
 7  9  7  4
 8  8  4  8
 6  7  8  5
 9  5  9  6
 7  5  4  8
 4  4  6  9
 8  6  5  5
 6  7  6  9
 9  8  7  5
 7  8  9  5
 7  5  6  7
 8  7  7  9
 9  4  9  7
2x2 solution sets
  0 0 3 0   1  14  17  45
  0 1 0 1  13   3  46  10
  3 0 3 2  23  38   2  15
  0 1 2 2  27   6  20   4
  0 0 0 0  19  22  28  26
  0 1 0 1  40  12  34   5
  0 0 2 2  25  48  24  18
  3 0 3 0   9  35   8  42
  0 0 0 0  36  41  31  30 *
One single tile solution to this puzzle - there may be more
   1  14  19  22  16  13   3
  17  45  28  26  33  46  10
   9  35  36  41  43  40  12
   8  42  31  30  29  34   5
  21  39  49  32  37  44   7
  23  38  25  48  47  27   6
   2  15  24  18  11  20   4
