 9          puzzle size (rows and columns)
 3   8      # border colours  # inside colours
Top Rgt Bot Lft
 0  1  1  0
 0  1  3  0
 0  2  2  0
 0  3  2  0
 0  1  4  3
 0  1 11  2
 0  3 10  2
 0  3 11  1
 0  3 11  2
 0  2  7  2
 0  3 10  3
 0  2  9  1
 0  2 10  2
 0  2  7  3
 0  2  8  3
 0  1 11  1
 0  3  4  3
 0  2  4  2
 0  2  5  1
 0  2  9  2
 0  1  8  1
 0  3  9  1
 0  1  9  1
 0  2  8  1
 0  2  9  3
 0  3  8  2
 0  3  8  1
 0  3  5  3
 0  1  8  3
 0  1  6  3
 0  1  9  3
 0  3  6  2
 4  6  8  4
 6 10  4  8
 4  7 10  5
 6  5 11  9
 5  5  8  5
 8 11  8  9
 6  6  8  8
10 11  9  7
10  8  5 11
11  6  9 10
 9  5  7  6
 9  9  9 10
11  8  6  4
 4  7  9  7
 4 11  9  5
10  7  7  4
 4  5  4  6
11 11  7  5
 5  7  7  6
 5 11  7  6
 6 11  6  8
11  4  6  5
 9  9  8  7
 9 10  9  4
 6 10  7 11
 4 10  8  4
 7  9  9  4
 5  9 10 10
10  6 10  8
11  4 11  6
 7  5  5  9
10  4  7 11
11  4 10  7
 8  6 11  8
 5  6 10 10
 8  6 10  6
 8  6 11  5
 8 10  5  9
 8  7  6  7
 7  9  4  6
 5  5  6  4
 9 11  5 10
 4  7 11 11
 7 10  4  6
 8  7 11 11
 7  5  4  7
10  4 10  7
10  8  5  5
 8  9  4  5
2x2 solution sets
  0 0 3 0   2  16  32  62
  0 1 0 1  25   3  74   9
  3 0 3 2   5  48   4  10
  0 1 2 2  44  31  22   1
  0 0 0 0  19  26  73  81
  0 0 0 0  15   7  38  64
  0 1 0 1  67  30  41  21
  0 1 0 1  60  23  40   8
  0 0 2 2  79  59  13  12
  0 0 2 2  36  47   6  20
  3 0 3 0  18  45  24  53
  3 0 3 0  29  34  28  35
  0 0 0 0  39  49  77  46 *
  0 0 0 0  69  72  65  33 *
  0 0 0 0  42  43  55  63 *
  0 0 0 0  80  66  37  50 *
One single tile solution to this puzzle - there may be more
   2  16  19  26  15   7  17  25   3
  32  62  73  81  38  64  58  74   9
  18  45  39  49  69  72  70  67  30
  24  53  77  46  65  33  52  41  21
  29  34  42  43  80  66  76  60  23
  28  35  55  63  37  50  75  40   8
  27  61  68  51  71  78  54  56  11
   5  48  79  59  36  47  57  44  31
   4  10  13  12   6  20  14  22   1
