 9          puzzle size (rows and columns)
 3   8      # border colours  # inside colours
Top Rgt Bot Lft
 0  1  2  0
 0  2  2  0
 0  3  2  0
 0  1  1  0
 0  3  6  1
 0  3  4  1
 0  1  5  2
 0  1  6  3
 0  3 10  1
 0  2 11  3
 0  2  9  3
 0  3  6  3
 0  1 10  3
 0  1  7  1
 0  1  6  1
 0  3 10  2
 0  1  5  1
 0  3  8  2
 0  1  7  3
 0  1  6  2
 0  3 11  3
 0  2 10  1
 0  2  6  3
 0  3  7  2
 0  3  8  3
 0  2  7  3
 0  2  5  3
 0  2 11  1
 0  2  5  2
 0  3  5  1
 0  2  6  2
 0  2  4  2
10 10 11  5
 8  7  4  4
 4  5  5 11
 5 11  9  8
 7  9  8  9
 6  8  6  5
 9  7 11  9
 7  7  7  4
10  6  5  4
10 11  4 10
11  9  8  8
 4  4  4  8
 4 11  5  9
 4  5 10  4
 7 10  9  6
 7  7  6  5
10 10 10 11
 9  8  7  4
 5  4  8 10
 6 11  9 10
11  8  9 10
 5  5  9  8
 6 10  9  9
10  8  8  8
 5  9  6 11
 5  4  6 11
10  8  5  7
 4  6 10 10
 9  4  9 11
11  5  9  8
 9 10  8  7
 6  9  5 11
 8  5 10 11
 9  7  6  4
 7  5  6  9
 9  5  8  6
 8 11  6  7
 8  4  4  5
 4 11  7 11
 9 10 11  5
10 11  7 11
10  5  7 10
11  8  4  7
 8 11  6  4
 6  7  4  4
 9  4  8  6
 8  9  7  7
 8  7  6  9
 6 11  6  7
2x2 solution sets
  0 0 3 0   1  14  32  40
  0 1 0 1  10   2  53  18
  3 0 3 2   6  76   4  20
  0 1 2 2  81  28   8   3
  0 0 0 0  22  29  59  54
  0 0 0 0  16  13  33  42
  0 1 0 1  68  27  34  24
  0 1 0 1  60  23  74   7
  0 0 2 2  73  35  26  30
  0 0 2 2  48  79  15  19
  3 0 3 0  31  47  11  39
  3 0 3 0  25  62  21  61
  0 0 0 0  51  66  69  64 *
  0 0 0 0  75  44  45  71 *
  0 0 0 0  38  36  77  63 *
  0 0 0 0  57  37  52  65 *
One single tile solution to this puzzle - there may be more
   1  14  22  29  16  13   9  10   2
  32  40  59  54  33  42  49  53  18
  31  47  51  66  75  44  41  68  27
  11  39  69  64  45  71  58  34  24
  25  62  38  36  57  37  55  60  23
  21  61  77  63  52  65  72  74   7
  12  78  46  70  50  56  43  67  17
   6  76  73  35  48  79  80  81  28
   4  20  26  30  15  19   5   8   3
