 7          puzzle size (rows and columns)
 3   6      # border colours  # inside colours
Top Rgt Bot Lft
 0  2  3  0
 0  3  2  0
 0  3  1  0
 0  1  2  0
 0  1  9  1
 0  2  6  3
 0  2  7  1
 0  3  9  1
 0  3  8  2
 0  1  4  3
 0  2  5  1
 0  2  7  2
 0  2  8  1
 0  2  6  2
 0  1  6  1
 0  2  7  3
 0  1  7  3
 0  3  4  1
 0  3  8  3
 0  1  8  2
 0  1  5  3
 0  1  4  2
 0  3  5  3
 0  3  9  2
 9  8  9  6
 6  5  4  7
 9  5  8  6
 6  9  4  8
 8  4  9  9
 4  4  5  5
 8  5  8  8
 4  6  6  7
 4  6  9  6
 7  4  9  7
 7  5  9  8
 9  5  9  7
 4  6  7  4
 6  7  9  5
 9  9  8  5
 8  4  9  5
 6  6  7  5
 7  8  7  6
 8  7  5  4
 9  5  4  5
 8  7  6  4
 7  4  7  5
 5  8  6  8
 9  5  6  6
 4  8  4  7
2x2 solution sets
  0 0 3 0   2  16  12  34
  0 1 0 1   9   1  29  22
  3 0 3 2  19  47   3  15
  0 1 2 2  36  11   8   4
  0 0 0 0  20  18  45  49
  0 1 0 1  25  13  39  24
  0 0 2 2  35  46   5  17
  3 0 3 0  14  48   7  26
  0 0 0 0  38  32  44  41 *
One single tile solution to this puzzle - there may be more
   2  16  20  18   6   9   1
  12  34  45  49  28  29  22
  14  48  38  32  33  25  13
   7  26  44  41  27  39  24
  21  30  37  42  31  40  10
  19  47  35  46  43  36  11
   3  15   5  17  23   8   4
