 8          puzzle size (rows and columns)
 3   8      # border colours  # inside colours
Top Rgt Bot Lft
 0  2  1  0
 0  2  3  0
 0  3  1  0
 0  1  3  0
 0  3  7  3
 0  1  8  3
 0  2  9  3
 0  1  7  2
 0  1 10  3
 0  2  5  2
 0  2 10  1
 0  3  5  3
 0  2 10  2
 0  1 10  2
 0  3  7  1
 0  3  5  2
 0  2  9  1
 0  1  8  1
 0  1  6  2
 0  1  4  2
 0  3  5  1
 0  2  8  2
 0  2  6  3
 0  3 11  3
 0  3  4  1
 0  1  7  1
 0  3  4  2
 0  2 11  2
10  5  8  6
11  4  9  8
 9  8  6  8
 6  5  9  8
 6 10  7 11
 7  4  8  8
10  5  4  4
 5  4  7 11
11  8  4 11
 5  7  6 11
 4 10  9  9
 4 11  6  6
10  7  9  6
 9  5  6  7
 9  9 11  8
 7  8  5 11
11  8  6  9
 6  5 10  7
 6  8 10  4
11  6  9 11
 6  6 10  5
10  6  5  4
 7  9  5  8
 9  9  6  5
 9  9  7  5
 6  4 10  9
10 11  7  8
 8  8  4  7
 7  8  6  8
 7  4 10  6
10  8  7  5
 7 10  4  4
10 11 10  7
 4 11  7  5
 9 11 11  5
 5  5 11  4
2x2 solution sets
  0 0 3 0   3   5   6  57
  0 1 0 1  27   4  39  11
  3 0 3 2  28  44   2  21
  0 1 2 2  60  14  20   1
  0 0 0 0  24  12  30  64
  0 0 0 0   9  17  59  43
  0 1 0 1  31  22  32  16
  0 1 0 1  52   7  33  13
  0 0 2 2  55  38   8  23
  0 0 2 2  56  34  25  18
  3 0 3 0  15  46  26  61
  3 0 3 0  19  41  10  53
  0 0 0 0  63  37  48  40 *
  0 0 0 0  51  45  36  47 *
  0 0 0 0  42  49  54  50 *
  0 0 0 0  58  35  29  62 *
One single tile solution to this puzzle - there may be more
   3   5  24  12   9  17  27   4
   6  57  30  64  59  43  39  11
  15  46  63  37  51  45  31  22
  26  61  48  40  36  47  32  16
  19  41  42  49  58  35  52   7
  10  53  54  50  29  62  33  13
  28  44  55  38  56  34  60  14
   2  21   8  23  25  18  20   1
