 7          puzzle size (rows and columns)
 3   6      # border colours  # inside colours
Top Rgt Bot Lft
 0  2  3  0
 0  3  2  0
 0  3  1  0
 0  1  3  0
 0  2  6  2
 0  3  4  1
 0  2  8  3
 0  2  7  3
 0  2  6  3
 0  3  6  1
 0  3  5  2
 0  1  4  2
 0  1  4  1
 0  1  4  3
 0  3  9  2
 0  1  5  3
 0  1  9  2
 0  3  5  1
 0  2  6  1
 0  1  7  2
 0  1  8  1
 0  3  7  3
 0  2  5  1
 0  2  9  2
 7  5  6  7
 9  9  4  8
 8  9  4  5
 6  7  6  4
 4  8  5  5
 9  5  7  7
 6  4  9  8
 9  8  7  5
 6  8  4  9
 6  5  6  6
 6  9  7  6
 5  7  6  5
 6  6  8  7
 4  7  4  9
 7  5  5  9
 7  4  9  8
 7  8  4  8
 7  9  9  9
 6  8  8  8
 9  5  7  8
 4  4  7  5
 5  8  6  9
 4  8  4  4
 9  5  6  7
 8  5  4  8
2x2 solution sets
  0 0 3 0   3  16  17  46
  0 1 0 1   8   2  41   7
  3 0 3 2  20  30   1  22
  0 1 2 2  49  11   6   4
  0 0 0 0  19  24  43  44
  0 1 0 1  45  12  25  23
  0 0 2 2  29  26  18  13
  3 0 3 0   9  34  10  35
  0 0 0 0  27  42  38  48 *
One single tile solution to this puzzle - there may be more
   3  16  19  24  15   8   2
  17  46  43  44  32  41   7
   9  34  27  42  39  45  12
  10  35  38  48  36  25  23
  21  40  47  31  28  37   5
  20  30  29  26  33  49  11
   1  22  18  13  14   6   4
