 8          puzzle size (rows and columns)
 3   8      # border colours  # inside colours
Top Rgt Bot Lft
 0  1  3  0
 0  3  1  0
 0  3  2  0
 0  2  2  0
 0  1  8  2
 0  3  7  2
 0  1  9  1
 0  2  6  3
 0  1 11  1
 0  2  4  2
 0  2  6  1
 0  1 11  2
 0  2  8  1
 0  2  6  2
 0  3 11  2
 0  2 11  2
 0  2 10  3
 0  2  7  3
 0  1 10  1
 0  1  6  3
 0  2 10  1
 0  1  5  3
 0  3  5  1
 0  3  6  3
 0  3  5  2
 0  1 10  3
 0  3  5  3
 0  3  8  1
11 11  4  6
 9  5 11  6
 5  6  9  9
 8  8  9 10
 9  5 11  4
 7  5  8  7
 4  4  9  5
 8  7 10  8
 7  7  6  5
 7  6  6  7
 8  4  4  6
11  6  9  4
10 10  5 10
 4  9  5  5
11 10  4  9
 8  5  7 10
 6  5  5  7
 6  7  7  4
 9 11 10  8
 5 10  8  6
 7  9  8  9
 9  9  8  5
 8  4  7 10
 8  8 11  6
 7  6 10 10
11  9 11  4
 7  4  4  4
 4  5  7 11
 4  4  8  6
 9  9 10  4
10  6  6  9
 8 11 11  9
11  7  8 11
 8 10  7 10
11  6  7  5
 8  5  7  5
2x2 solution sets
  0 0 3 0   4  16  10  54
  0 1 0 1  28   1  60   9
  3 0 3 2  26  41   2  22
  0 1 2 2  36  18  17   3
  0 0 0 0  12  13  43  62
  0 0 0 0   5   7  44  50
  0 1 0 1  40  11  33  25
  0 1 0 1  63  24  34  27
  0 0 2 2  51  58   6  21
  0 0 2 2  59  52  20  15
  3 0 3 0  14  29   8  57
  3 0 3 0  23  64  19  53
  0 0 0 0  56  37  55  46 *
  0 0 0 0  38  39  45  35 *
  0 0 0 0  42  49  48  32 *
  0 0 0 0  31  30  47  61 *
One single tile solution to this puzzle - there may be more
   4  16  12  13   5   7  28   1
  10  54  43  62  44  50  60   9
  14  29  56  37  38  39  40  11
   8  57  55  46  45  35  33  25
  23  64  42  49  31  30  63  24
  19  53  48  32  47  61  34  27
  26  41  51  58  59  52  36  18
   2  22   6  21  20  15  17   3
