 9          puzzle size (rows and columns)
 3   8      # border colours  # inside colours
Top Rgt Bot Lft
 0  2  3  0
 0  2  1  0
 0  2  2  0
 0  1  3  0
 0  3 11  1
 0  3 10  2
 0  1  7  1
 0  1 10  3
 0  2  8  1
 0  2  5  3
 0  1 11  3
 0  3  7  2
 0  3  8  2
 0  1  4  1
 0  3 11  3
 0  2 11  3
 0  1  5  3
 0  3  5  2
 0  3  4  1
 0  2  9  2
 0  2  8  3
 0  3 10  1
 0  1  7  2
 0  2 11  1
 0  3  4  2
 0  3  9  1
 0  1 10  2
 0  2  5  2
 0  2 10  3
 0  1 11  2
 0  1  7  3
 0  3  6  1
10  8  4  7
 9  8  5  6
 7 10 11  4
 9  9  9  4
 7  4  5 11
11  7  7  8
 8 11  6  8
 6  6  5  8
 6  5  5  9
 8  6  7  4
 7 11  4  7
 4  8  7 11
 9  6 11  7
 7 10 10 10
 7  7  8  6
 7  4 10  4
11  6 10  9
 4  5  4 11
 8  9  7  7
11  5  8  9
 4 10 11  9
 5  9  8 11
 5  8  8  6
 6  9  5  6
10 10  9 10
 5 11  9  6
 6  4  4  8
11  4  5 10
 7  5  9  7
 8  6  5 11
 5  9  4  4
 5  7  6  9
 9  6  6 10
10  9  4  5
 9  7 10  9
 4  5  8  6
 8  6 10  6
 8  4  7  4
 8  6  6  4
11 11  4  5
 4  9  9  5
 5 11  7  9
 9  9 11 10
 4 10 10 10
 7 10 11  6
 8 10  8  8
 5  6  6  5
 6  8  8 10
 5  7 11 11
2x2 solution sets
  0 0 3 0   1  12  25  35
  0 1 0 1  13   4  42  32
  3 0 3 2   6  76   3  29
  0 1 2 2  81  23  30   2
  0 0 0 0  16  20  60  36
  0 0 0 0  18  31  74  37
  0 1 0 1  46   8  66  26
  0 1 0 1  68  17  39  24
  0 0 2 2  75  49  15  22
  0 0 2 2  69  47  27  21
  3 0 3 0  10  72   5  44
  3 0 3 0  14  48   7  33
  0 0 0 0  54  67  78  57 *
  0 0 0 0  61  79  65  56 *
  0 0 0 0  71  34  59  63 *
  0 0 0 0  40  58  64  45 *
One single tile solution to this puzzle - there may be more
   1  12  16  20  18  31   9  13   4
  25  35  60  36  74  37  70  42  32
  10  72  54  67  61  79  77  46   8
   5  44  78  57  65  56  52  66  26
  14  48  71  34  40  58  62  68  17
   7  33  59  63  64  45  55  39  24
  11  50  73  53  80  38  51  41  28
   6  76  75  49  69  47  43  81  23
   3  29  15  22  27  21  19  30   2
