 9          puzzle size (rows and columns)
 3   8      # border colours  # inside colours
Top Rgt Bot Lft
 0  2  3  0
 0  2  1  0
 0  1  3  0
 0  3  2  0
 0  2  9  1
 0  2 11  3
 0  1  9  2
 0  1  9  3
 0  1 10  2
 0  1  8  3
 0  2  7  1
 0  1 11  2
 0  1  8  1
 0  3  6  1
 0  2  4  2
 0  1  6  2
 0  2 10  1
 0  1 10  1
 0  3  8  2
 0  3  4  3
 0  1 10  3
 0  2  5  2
 0  3 11  2
 0  2 11  1
 0  3  5  3
 0  2  7  3
 0  3  8  1
 0  2  5  3
 0  3  5  2
 0  3  8  3
 0  3  6  2
 0  3  4  1
 5  7 10  6
 8 11 10  7
 7  5  8  4
 8 11  6  6
 5  9  5  5
 6  7 11  4
 9 11  8 10
 7  4 10 11
10  5  4  4
 6 10 11 11
 5  4 10  5
 8  9  7  9
 6  9  6  4
 4  8  8  9
11 10  8 10
 4  9  9  7
 9 11  5  8
 8  5  5  8
11  4  7  8
10  7  7  9
 9  7 10  9
 5  8  6 11
 5  8  8  7
11  8 11  9
10  5 11  9
 7 10 11  6
10  9  6  5
10  6  7  7
11 10  6  5
 6  6  4  7
 7  4  8  4
10  9  6 11
 5 11  9  7
 8  4  4 10
10  7 11  6
 9  7  7  5
10  4  4  5
10  4 11  7
 6  4  9  8
 6  9 10  5
 9  6 11  4
 4  5  5 11
11  4  6  4
 9  8  9  4
11  7  9 10
 6  7  6  4
 6  9  6  8
 6  5  5  8
 7  8 10  7
2x2 solution sets
  0 0 3 0   3  18  14  67
  0 1 0 1  25   1  65  12
  3 0 3 2  26  62   4  15
  0 1 2 2  45   7  16   2
  0 0 0 0  27  20  34  74
  0 0 0 0   8  17  68  70
  0 1 0 1  76  13  53  11
  0 1 0 1  57  22  61   9
  0 0 2 2  58  47  24  10
  0 0 2 2  39  42  19   6
  3 0 3 0  21  77  30  49
  3 0 3 0  29  37  28  43
  0 0 0 0  60  33  40  41 *
  0 0 0 0  81  51  69  35 *
  0 0 0 0  52  48  63  73 *
  0 0 0 0  46  50  36  54 *
One single tile solution to this puzzle - there may be more
   3  18  27  20   8  17  31  25   1
  14  67  34  74  68  70  38  65  12
  21  77  60  33  81  51  75  76  13
  30  49  40  41  69  35  72  53  11
  29  37  52  48  46  50  59  57  22
  28  43  63  73  36  54  80  61   9
  23  64  44  56  71  78  55  79   5
  26  62  58  47  39  42  66  45   7
   4  15  24  10  19   6  32  16   2
