 8          puzzle size (rows and columns)
 3   8      # border colours  # inside colours
Top Rgt Bot Lft
 0  1  1  0
 0  2  1  0
 0  2  2  0
 0  3  1  0
 0  3  7  3
 0  3  6  3
 0  1 10  1
 0  1  8  1
 0  3 11  1
 0  1  7  3
 0  2  6  2
 0  2 10  2
 0  3  4  2
 0  2  5  1
 0  2 11  2
 0  2  4  3
 0  1  9  2
 0  1  6  3
 0  1  4  3
 0  2  6  3
 0  3  8  3
 0  2  5  3
 0  1  8  2
 0  3  4  1
 0  2  8  1
 0  3  6  2
 0  3  9  2
 0  1 11  2
 9 10  4 11
11 11  7 11
 8  4  7  7
 8  7  5  8
 4  9 10  9
 9  6  7  6
 4  6 11 11
 4 10  7 10
 9  5  5  9
 8 11  9  8
11 11  5  5
 6 11  8 10
10  5  4  8
 4  9  5  4
11  6  6  5
 7  8  7  6
 7 10  8  8
 4  8 10  9
10 11  9  5
 5 10 11  8
 8  9  4  4
 7  8 11  7
 7  5 10  4
 9  6 10 10
10  4  5  8
 7  5  9  6
 4  7  9  5
 5  6  6 11
 9  5  7  9
 5 10  4  5
 6 11  6 10
 5  8  6  8
10  9  7 10
 7  6 11  6
 5  8  7  7
 7  6  4  9
2x2 solution sets
  0 0 3 0   1   7  23  53
  0 1 0 1  17   2  34  26
  3 0 3 2   5  63   4  10
  0 1 2 2  52  11  12   3
  0 0 0 0   8  24  49  46
  0 0 0 0  21  16  38  35
  0 1 0 1  62  20  30  28
  0 1 0 1  51  14  47  15
  0 0 2 2  60  48   6   9
  0 0 2 2  59  29  18  13
  3 0 3 0  22  58  27  33
  3 0 3 0  25  41  19  42
  0 0 0 0  36  61  64  44 *
  0 0 0 0  57  43  45  40 *
  0 0 0 0  55  50  37  39 *
  0 0 0 0  32  31  56  54 *
One single tile solution to this puzzle - there may be more
   1   7   8  24  21  16  17   2
  23  53  49  46  38  35  34  26
  22  58  36  61  57  43  62  20
  27  33  64  44  45  40  30  28
  25  41  55  50  32  31  51  14
  19  42  37  39  56  54  47  15
   5  63  60  48  59  29  52  11
   4  10   6   9  18  13  12   3
