 8          puzzle size (rows and columns)
 3   8      # border colours  # inside colours
Top Rgt Bot Lft
 0  2  1  0
 0  1  1  0
 0  3  2  0
 0  2  3  0
 0  3 11  2
 0  2  6  2
 0  3  6  2
 0  2  5  3
 0  1  4  3
 0  3  6  1
 0  3  9  2
 0  1 10  1
 0  1  8  2
 0  2 10  1
 0  3  9  1
 0  1  4  2
 0  2 11  2
 0  3 10  3
 0  1 11  1
 0  3  7  3
 0  1  7  2
 0  2  8  3
 0  3  5  2
 0  2  7  3
 0  1  5  3
 0  2  4  3
 0  1  8  1
 0  2  8  1
 4  7  7 10
 8  9  5 11
 6  9  9  9
 5  5 10  4
 4 10 10  4
 6  6  4  9
 5  5 11  8
 5 11  5  7
 8  8  7  5
 5  7 11  6
 9  6  5 10
 7  8  5  8
 6  7  4  9
11  6  6 11
 7 10  8  6
 6  8  9  4
11 11  4  4
 6  7  8  7
 7  7 11  6
 7  4  4  9
10  8  8 11
 8  4  6  7
 7  7  5  8
 9  6  7 11
 9 11  6  7
 8 11  9 10
10  8  5  8
 5  8  4 11
11  4  6  6
 5  8  6  7
10 10 11  9
 5 11 10  5
 4  9  4 10
10  9 10 10
 5  9  9 10
 9  4  5  6
2x2 solution sets
  0 0 3 0   3  20   6  43
  0 1 0 1  13   2  30  15
  3 0 3 2  11  59   1  19
  0 1 2 2  35  23   5   4
  0 0 0 0   8   7  63  31
  0 0 0 0  24  17  48  45
  0 1 0 1  58  22  46  21
  0 1 0 1  37  27  40  28
  0 0 2 2  61  41  16  26
  0 0 2 2  53  56  10   9
  3 0 3 0  14  54  12  39
  3 0 3 0  25  60  18  62
  0 0 0 0  52  64  47  36 *
  0 0 0 0  33  29  49  51 *
  0 0 0 0  42  38  34  57 *
  0 0 0 0  50  32  44  55 *
One single tile solution to this puzzle - there may be more
   3  20   8   7  24  17  13   2
   6  43  63  31  48  45  30  15
  14  54  52  64  33  29  58  22
  12  39  47  36  49  51  46  21
  25  60  42  38  50  32  37  27
  18  62  34  57  44  55  40  28
  11  59  61  41  53  56  35  23
   1  19  16  26  10   9   5   4
