 8          puzzle size (rows and columns)
 3   8      # border colours  # inside colours
Top Rgt Bot Lft
 0  2  1  0
 0  1  1  0
 0  3  3  0
 0  2  3  0
 0  2 10  1
 0  2  9  3
 0  3 11  3
 0  1  4  2
 0  1 11  3
 0  1  5  1
 0  2  4  2
 0  2  8  2
 0  3 10  3
 0  3  4  1
 0  1  8  2
 0  1 11  1
 0  2 11  1
 0  3  7  1
 0  2  6  3
 0  3  8  2
 0  3  9  2
 0  2  4  3
 0  2  6  1
 0  3  4  2
 0  1 10  2
 0  3  7  2
 0  1  9  2
 0  1  5  3
11  6 10 10
 9  9  8  5
 9  4  7  4
 8  8  8  5
 7  6  5  7
11  5  7  6
 8 10  4 11
10 11 11 11
 5  5 11  5
 7  6  9  5
 9  6  7  6
 5  5 10  8
 4 10  5  9
 4  7  9  5
 7  7 11 10
 5  4  8  4
 6  8  9  8
 8  5 10  4
 4  6  6  6
10  7  4  4
10  8 11  4
 9 11 11  7
 9  4  8  6
 8  5  9  6
10  9 10  6
 9  7  9  8
 5  7  5  6
 7  6  8  7
 7  4  6  6
11  8  7  7
 8  9  8  5
11  6  7 10
10  7 10 11
 6 10  6  9
 8  5 10  9
11  4 11  5
2x2 solution sets
  0 0 3 0   4  20  24  46
  0 1 0 1  10   1  44  11
  3 0 3 2  14  49   2   9
  0 1 2 2  43  26   7   3
  0 0 0 0   6   8  30  41
  0 0 0 0  17  27  60  51
  0 1 0 1  32  12  35  25
  0 1 0 1  42  18  31  22
  0 0 2 2  45  40  21   5
  0 0 2 2  59  62  15  19
  3 0 3 0  23  53  16  36
  3 0 3 0  28  64  13  29
  0 0 0 0  63  37  61  58 *
  0 0 0 0  38  52  54  50 *
  0 0 0 0  48  33  47  55 *
  0 0 0 0  39  34  56  57 *
One single tile solution to this puzzle - there may be more
   4  20   6   8  17  27  10   1
  24  46  30  41  60  51  44  11
  23  53  63  37  38  52  32  12
  16  36  61  58  54  50  35  25
  28  64  48  33  39  34  42  18
  13  29  47  55  56  57  31  22
  14  49  45  40  59  62  43  26
   2   9  21   5  15  19   7   3
