 7          puzzle size (rows and columns)
 3   6      # border colours  # inside colours
Top Rgt Bot Lft
 0  2  2  0
 0  2  3  0
 0  3  2  0
 0  3  1  0
 0  1  6  1
 0  1  6  2
 0  2  9  3
 0  1  8  1
 0  1  4  2
 0  2  4  3
 0  3  4  1
 0  3  8  2
 0  3  6  2
 0  2  8  1
 0  3  9  3
 0  1  5  3
 0  2  4  1
 0  2  8  2
 0  1  4  3
 0  3  5  3
 0  2  7  1
 0  1  8  2
 0  1  5  1
 0  3  4  3
 6  6  5  4
 9  7  9  8
 8  8  4  4
 7  8  6  6
 9  7  5  5
 6  9  8  5
 4  4  7  8
 6  7  5  7
 7  8  6  9
 6  5  8  8
 5  8  9  7
 5  6  9  4
 4  4  7  9
 9  4  9  6
 7  9  7  5
 8  5  4  5
 9  6  4  7
 5  9  6  9
 5  5  4  6
 6  4  9  7
 8  7  6  8
 7  5  9  6
 6  7  9  5
 8  4  7  7
 9  5  7  8
2x2 solution sets
  0 0 3 0   2  22  11  27
  0 1 0 1   5   4  34  20
  3 0 3 2  18  49   1  21
  0 1 2 2  38  17  15   3
  0 0 0 0  14   6  45  32
  0 1 0 1  48  10  28  12
  0 0 2 2  40  47   9   7
  3 0 3 0   8  31  16  39
  0 0 0 0  25  43  42  37 *
One single tile solution to this puzzle - there may be more
   2  22  14   6  23   5   4
  11  27  45  32  35  34  20
   8  31  25  43  29  48  10
  16  39  42  37  36  28  12
  13  46  30  33  26  44  19
  18  49  40  47  41  38  17
   1  21   9   7  24  15   3
