 7          puzzle size (rows and columns)
 3   6      # border colours  # inside colours
Top Rgt Bot Lft
 0  2  3  0
 0  2  1  0
 0  3  3  0
 0  1  3  0
 0  3  6  2
 0  2  7  2
 0  3  5  3
 0  1  8  1
 0  1  4  1
 0  2  4  3
 0  1  5  2
 0  3  7  3
 0  2  5  2
 0  3  9  2
 0  2  4  2
 0  1  5  3
 0  1  9  3
 0  2  5  1
 0  1  9  1
 0  3  8  1
 0  1  4  2
 0  3  8  2
 0  2  7  1
 0  3  7  1
 7  5  6  8
 5  5  8  6
 5  6  8  6
 9  6  8  4
 4  8  9  6
 8  6  8  7
 9  7  8  5
 6  8  7  4
 5  5  8  9
 6  7  7  9
 8  9  4  5
 8  4  6  9
 8  6  5  7
 9  4  8  6
 6  5  9  4
 7  4  9  4
 9  7  7  4
 4  6  5  5
 8  4  6  6
 7  7  6  7
 4  9  9  8
 8  6  9  5
 9  7  7  9
 5  4  5  7
 4  9  4  6
2x2 solution sets
  0 0 3 0   3   7  14  33
  0 1 0 1  19   2  47   6
  3 0 3 2  15  41   1  12
  0 1 2 2  31  24  20   4
  0 0 0 0  10  13  42  27
  0 1 0 1  25  11  32   8
  0 0 2 2  44  48   5  18
  3 0 3 0  23  30  16  35
  0 0 0 0  26  46  36  28 *
One single tile solution to this puzzle - there may be more
   3   7  10  13  21  19   2
  14  33  42  27  49  47   6
  23  30  26  46  29  25  11
  16  35  36  28  38  32   8
  22  45  34  37  43  40   9
  15  41  44  48  39  31  24
   1  12   5  18  17  20   4
