 8          puzzle size (rows and columns)
 3   8      # border colours  # inside colours
Top Rgt Bot Lft
 0  3  3  0
 0  1  2  0
 0  2  3  0
 0  1  3  0
 0  2  9  2
 0  3  6  1
 0  3 11  3
 0  1 11  2
 0  2  4  1
 0  3  9  1
 0  3  7  3
 0  3  5  3
 0  2  5  1
 0  1  8  2
 0  2  7  2
 0  3  5  1
 0  2  8  1
 0  1  9  1
 0  2  4  3
 0  1  7  3
 0  1  5  3
 0  3  8  2
 0  1  6  2
 0  2  4  2
 0  3 10  1
 0  2 10  2
 0  1  5  2
 0  2  7  1
 4 10  6  4
 5 11 10  7
 9 11 11 11
 7  7  7 11
 8  8  5  7
 5  8  4  8
 7  6  4 11
 7  9 10  8
 5  6 11  6
 9 11 10  9
10  7  7  4
 8  8  4  9
 6  8 11 10
 8  7  4  5
 6 10 10  7
 4  7  4  5
10 11  8  6
11  9  9 10
 7  8  6  8
10  7  9  6
10  5  6  7
10  9 11  8
 9  8  5  6
 7  7  4  5
 9 10  9  8
 4  6  8  8
 6  4 10  8
 9 11  6  6
11  6  9  7
11 11 10 11
 6  5  9  8
 4  6  5  5
 5  5  6  4
 4 10  4 11
 4  5  9 10
 9  5  6  5
2x2 solution sets
  0 0 3 0   1  20  16  52
  0 1 0 1  28   2  36  10
  3 0 3 2  17  47   4   6
  0 1 2 2  64  12  23   3
  0 0 0 0  13   5  30  31
  0 0 0 0  15  14  32  33
  0 1 0 1  48  11  56   7
  0 1 0 1  59  21  53  25
  0 0 2 2  50  38   8  26
  0 0 2 2  62  63   9  18
  3 0 3 0  27  60  19  61
  3 0 3 0  22  55  24  39
  0 0 0 0  45  58  42  49 *
  0 0 0 0  35  37  44  57 *
  0 0 0 0  29  41  43  46 *
  0 0 0 0  54  51  40  34 *
One single tile solution to this puzzle - there may be more
   1  20  13   5  15  14  28   2
  16  52  30  31  32  33  36  10
  27  60  45  58  35  37  48  11
  19  61  42  49  44  57  56   7
  22  55  29  41  54  51  59  21
  24  39  43  46  40  34  53  25
  17  47  50  38  62  63  64  12
   4   6   8  26   9  18  23   3
