 9          puzzle size (rows and columns)
 3   8      # border colours  # inside colours
Top Rgt Bot Lft
 0  2  3  0
 0  1  1  0
 0  1  3  0
 0  2  2  0
 0  1  6  3
 0  3  5  3
 0  1  7  2
 0  3  7  1
 0  2  6  3
 0  1  4  1
 0  1  4  2
 0  1 10  2
 0  2  8  3
 0  3  7  3
 0  3  6  2
 0  3  7  2
 0  2  7  3
 0  2 10  1
 0  2  7  1
 0  3  5  1
 0  1  9  2
 0  1  5  1
 0  3  9  2
 0  3  5  2
 0  1  5  2
 0  2  8  1
 0  2  4  3
 0  2  9  3
 0  3  4  1
 0  3  9  3
 0  3 10  2
 0  2  5  1
 5 11  9  6
 5 11  9 11
 6  5  4  4
 5  5  9 10
 9 10 10  6
 4  6  9  6
 6  8  5  7
 9 10  9  4
 6  6  9  6
 6  8  7  5
11 11 11  7
 7 10  6  4
 9 10  7 11
 8  8 11  4
 9  7  8  6
 9 11  8 10
 7  7  4  8
11  5  7  9
 4  4  6  6
11  6 11 11
 8 10  5  8
 9  4 10  8
 7  4  6 11
11  6  6 10
 5  6  4  4
10 10  9  4
 6  9  9  8
 8  7 11 11
 7  8  9  7
 6  5 11 10
 9 10  5  9
 4  8  8  8
 9  5  4  5
 9  8  8 11
11 10  7 11
 5  4  6  8
 4 11  7  7
11  7 11  4
 8 11  9 10
10 11  6  5
 9 10  7  5
11  4  4  6
 8  5  8 10
10  4  9 10
 4 10  6  7
 7  8  5 10
 8  8 10 10
 5  7 11  8
 4  7  5  5
2x2 solution sets
  0 0 3 0   3  22  15  33
  0 1 0 1  26   4  53  12
  3 0 3 2  18  36   2  21
  0 1 2 2  81   8  25   1
  0 0 0 0  20  28  34  66
  0 0 0 0  24  17  80  61
  0 1 0 1  68  10  35  32
  0 1 0 1  77  31  42  13
  0 0 2 2  72  67   9  14
  0 0 2 2  78  59   6  23
  3 0 3 0  27  40  30  63
  3 0 3 0  29  57   5  51
  0 0 0 0  48  60  71  52 *
  0 0 0 0  43  45  74  44 *
  0 0 0 0  37  56  58  62 *
  0 0 0 0  38  41  65  73 *
One single tile solution to this puzzle - there may be more
   3  22  20  28  24  17  11  26   4
  15  33  34  66  80  61  64  53  12
  27  40  48  60  43  45  79  68  10
  30  63  71  52  74  44  76  35  32
  29  57  37  56  38  41  47  77  31
   5  51  58  62  65  73  75  42  13
  16  39  54  70  69  55  46  49   7
  18  36  72  67  78  59  50  81   8
   2  21   9  14   6  23  19  25   1
