 6          puzzle size (rows and columns)
 3   6      # border colours  # inside colours
Top Rgt Bot Lft
 0  2  3  0
 0  1  1  0
 0  1  2  0
 0  2  2  0
 0  1  6  2
 0  1  9  1
 0  2  7  1
 0  2  6  3
 0  3  8  2
 0  3  6  2
 0  3  4  1
 0  2  7  3
 0  3  6  3
 0  2  5  2
 0  3  7  1
 0  2  6  2
 0  3  9  3
 0  1  6  3
 0  1  5  1
 0  3  5  3
 4  8  6  6
 9  8  5  4
 9  7  4  6
 5  6  5  5
 6  7  9  6
 6  4  9  4
 5  6  7  4
 5  5  9  4
 8  4  8  7
 7  4  9  7
 9  8  9  7
 7  7  5  8
 5  5  4  8
 9  4  8  8
 8  7  7  8
 9  8  5  8
2x2 solution sets
  0 0 3 0   3   6  16  23
  0 1 0 1  20   1  27   5
  3 0 3 2   9  36   4  14
  0 1 2 2  33  19  11   2
  0 0 0 0   7  10  30  26
  0 1 0 1  32  15  24  18
  0 0 2 2  35  31  12  17
  3 0 3 0   8  21  13  25
  0 0 0 0  34  22  29  28 *
One single tile solution to this puzzle - there may be more
   3   6   7  10  20   1
  16  23  30  26  27   5
   8  21  34  22  32  15
  13  25  29  28  24  18
   9  36  35  31  33  19
   4  14  12  17  11   2
