 7          puzzle size (rows and columns)
 3   6      # border colours  # inside colours
Top Rgt Bot Lft
 0  1  2  0
 0  1  3  0
 0  3  1  0
 0  2  3  0
 0  3  4  2
 0  3  6  2
 0  2  6  3
 0  1  5  2
 0  2  6  1
 0  1  9  1
 0  3  9  1
 0  2  5  2
 0  2  8  3
 0  3  7  1
 0  3  9  3
 0  1  9  3
 0  1  8  1
 0  3  8  1
 0  1  8  2
 0  1  5  3
 0  2  7  1
 0  2  7  2
 0  3  6  3
 0  2  4  2
 5  4  8  7
 6  7  4  6
 4  6  7  5
 5  5  9  9
 4  4  5  7
 9  5  9  8
 8  8  9  8
 4  8  9  6
 7  5  5  7
 8  8  4  6
 6  5  5  8
 6  4  4  7
 9  7  7  4
 5  6  9  6
 4  6  8  4
 5  5  6  9
 4  7  6  9
 4  9  7  6
 4  9  9  8
 9  8  6  7
 8  8  9  5
 7  7  4  5
 7  8  7  4
 6  9  4  5
 7  8  6  5
2x2 solution sets
  0 0 3 0   1  17   7  34
  0 1 0 1   5   2  32  18
  3 0 3 2   8  45   4  15
  0 1 2 2  49  19  23   3
  0 0 0 0   9  24  35  27
  0 1 0 1  30  20  37  14
  0 0 2 2  31  43  11  10
  3 0 3 0   6  42  22  33
  0 0 0 0  40  46  48  41 *
One single tile solution to this puzzle - there may be more
   1  17   9  24  12   5   2
   7  34  35  27  38  32  18
   6  42  40  46  44  30  20
  22  33  48  41  36  37  14
  21  25  39  26  29  47  13
   8  45  31  43  28  49  19
   4  15  11  10  16  23   3
