 9          puzzle size (rows and columns)
 3   8      # border colours  # inside colours
Top Rgt Bot Lft
 0  2  1  0
 0  1  2  0
 0  3  3  0
 0  1  3  0
 0  1 10  2
 0  3  8  3
 0  1  6  1
 0  1  8  1
 0  3  5  1
 0  2  6  2
 0  1  7  3
 0  2  5  2
 0  2  8  3
 0  2  8  2
 0  3  7  1
 0  1  9  3
 0  2  7  1
 0  2  4  3
 0  2 10  2
 0  1  9  1
 0  3  7  3
 0  3 11  1
 0  3  9  2
 0  3  8  1
 0  2  7  2
 0  1  4  3
 0  2  7  3
 0  1  5  2
 0  3 11  2
 0  2 10  3
 0  3  4  2
 0  3  9  1
11  7 11  5
 5  8  9  8
 5  8  6 10
 8 10 11  4
 9  7  4 11
11 10  9 10
 9  7 10  6
 7 10  6 10
 6  4  7 10
 9  7 11  6
 5 11  4  6
 9 10  8  9
10 10  5  4
10  8 11 11
 5 11  6  8
 4  7  8  7
 4 10  6  7
 6 11  4  8
 5  6  9  6
 9  4 11  5
11  8  4 10
 9 11  4  8
10  5 11  5
11  8  9  5
 6  5  9 10
 4 10  7  9
 6 10  9  7
 8  8  6 11
 6  6 10  4
 9  6  6  5
 5  5  7  7
 6 11 11 10
 9  6  5  7
 5  4  7  4
11  5  4 11
 9  9  6 10
 4  7  7  4
10  9  4  9
 8 10 11  7
 9  6  5  8
 4  5  5 11
 4  4  8  5
11  5 11  6
 6  4  8  8
 6  5  5  7
 7  7 10  8
11  8  9  8
 9  8  9  4
 4  7  6 10
2x2 solution sets
  0 0 3 0   1  19  26  45
  0 1 0 1  32   4  39  15
  3 0 3 2  27  48   3   6
  0 1 2 2  36  30  22   2
  0 0 0 0  28   7  35  50
  0 0 0 0  20   9  37  63
  0 1 0 1  46  13  79  14
  0 1 0 1  42  25  67  12
  0 0 2 2  71  68  29  10
  0 0 2 2  58  41  17  11
  3 0 3 0  24  34   8  54
  3 0 3 0   5  81  18  61
  0 0 0 0  76  69  60  78 *
  0 0 0 0  49  40  59  57 *
  0 0 0 0  77  55  51  75 *
  0 0 0 0  52  80  33  65 *
One single tile solution to this puzzle - there may be more
   1  19  28   7  20   9  16  32   4
  26  45  35  50  37  63  62  39  15
  24  34  76  69  49  40  64  46  13
   8  54  60  78  59  57  56  79  14
   5  81  77  55  52  80  72  42  25
  18  61  51  75  33  65  43  67  12
  23  70  44  38  53  47  73  74  31
  27  48  71  68  58  41  66  36  30
   3   6  29  10  17  11  21  22   2
