 9          puzzle size (rows and columns)
 3   8      # border colours  # inside colours
Top Rgt Bot Lft
 0  2  3  0
 0  2  1  0
 0  1  2  0
 0  2  2  0
 0  1 11  2
 0  3  8  2
 0  1  5  2
 0  2  5  2
 0  3  5  2
 0  2  4  1
 0  3  7  3
 0  1  7  1
 0  2  9  1
 0  3  6  1
 0  3  4  3
 0  1 10  1
 0  3 11  2
 0  2  6  3
 0  1  8  3
 0  3  6  2
 0  2  5  1
 0  2  7  3
 0  2  8  2
 0  1 10  3
 0  3  8  1
 0  1 10  2
 0  1 11  3
 0  3 11  3
 0  3  4  1
 0  1  4  3
 0  3  5  1
 0  2  5  3
 5  9  5  7
 7  6  6 10
 9  4  6  9
 9  7  6 10
 8 10  8  6
11  9 10  5
10  9  5  8
 7 10  9  5
 4  4  7  9
11 11  9  7
11 10  5  6
11  7 11  5
 8  6 11  4
 5 10 11  8
10  5  6  7
 4  8  8 10
 7  9 10  6
 9 11 10  4
 4  9  4  4
11 10  7  9
 8  9  5 11
10  8  9  8
 9  5  5  9
 6  6 11 10
 4  4  7 10
 5  6  9  7
 9  8  6 10
 6  8 11 11
 7  7  7  6
 8  4  7 11
 8 10 11  4
10  8  5  8
 5  7  7  6
 6  4  9 10
 4 11  4  9
11  7  8 11
 5  4  5  6
11  8  8 11
 4  6  4  7
 6  9  4 11
 7 10  4  8
11 10  7  6
 5 10  8  9
 9 10 11  8
 8  4  5 10
 5  6  7  4
 5  6  9  9
 7  8  6  9
 7  6  5  4
2x2 solution sets
  0 0 3 0   4   5  32  44
  0 1 0 1  24   2  54   6
  3 0 3 2  13  80   3  18
  0 1 2 2  81  14   8   1
  0 0 0 0  10   7  71  69
  0 0 0 0  25  19  45  37
  0 1 0 1  36  11  66  30
  0 1 0 1  55  21  46  26
  0 0 2 2  39  75   9  23
  0 0 2 2  57  51  22  15
  3 0 3 0  31  38  12  47
  3 0 3 0  27  60  28  68
  0 0 0 0  41  78  40  34 *
  0 0 0 0  43  77  65  33 *
  0 0 0 0  76  56  42  70 *
  0 0 0 0  61  58  73  59 *
One single tile solution to this puzzle - there may be more
   4   5  10   7  25  19  29  24   2
  32  44  71  69  45  37  48  54   6
  31  38  41  78  43  77  63  36  11
  12  47  40  34  65  33  52  66  30
  27  60  76  56  61  58  49  55  21
  28  68  42  70  73  59  64  46  26
  17  62  50  53  67  72  79  74  16
  13  80  39  75  57  51  35  81  14
   3  18   9  23  22  15  20   8   1
