 7          puzzle size (rows and columns)
 3   6      # border colours  # inside colours
Top Rgt Bot Lft
 0  2  2  0
 0  2  1  0
 0  3  1  0
 0  1  3  0
 0  2  8  3
 0  1  5  2
 0  2  9  1
 0  3  6  3
 0  3  6  2
 0  3  7  1
 0  1  9  3
 0  1  7  2
 0  3  8  3
 0  3  5  2
 0  2  4  2
 0  3  4  1
 0  1  7  1
 0  2  4  3
 0  1  8  1
 0  2  5  2
 0  2  7  2
 0  3  5  3
 0  1  6  3
 0  1  4  1
 9  8  5  4
 6  7  8  8
 9  7  9  4
 5  4  9  9
 9  8  6  6
 9  5  9  7
 6  7  4  8
 9  6  6  4
 6  4  4  6
 9  8  5  5
 8  4  5  6
 7  6  8  5
 4  6  6  8
 4  9  8  7
 4  5  9  5
 7  7  6  6
 6  8  9  4
 5  7  4  7
 7  8  9  5
 5  5  7  5
 7  6  9  4
 7  4  6  5
 8  8  7  8
 9  4  8  8
 9  9  5  7
2x2 solution sets
  0 0 3 0   4  17   9  40
  0 1 0 1  12   3  45  23
  3 0 3 2  20  36   1   5
  0 1 2 2  49  11   6   2
  0 0 0 0   7  15  30  39
  0 1 0 1  25  19  28  24
  0 0 2 2  29  26   8  13
  3 0 3 0  18  41  22  34
  0 0 0 0  48  32  47  31 *
One single tile solution to this puzzle - there may be more
   4  17   7  15  21  12   3
   9  40  30  39  46  45  23
  18  41  48  32  33  25  19
  22  34  47  31  38  28  24
  14  44  43  37  35  27  10
  20  36  29  26  42  49  11
   1   5   8  13  16   6   2
