 7          puzzle size (rows and columns)
 3   6      # border colours  # inside colours
Top Rgt Bot Lft
 0  1  1  0
 0  3  2  0
 0  2  2  0
 0  1  3  0
 0  2  4  1
 0  2  8  1
 0  3  7  2
 0  3  5  3
 0  1  9  2
 0  3  9  2
 0  1  6  1
 0  3  6  3
 0  1  4  1
 0  2  5  3
 0  2  6  2
 0  3  4  3
 0  1  7  1
 0  2  9  3
 0  3  8  3
 0  2  8  3
 0  2  8  2
 0  1  9  1
 0  3  8  2
 0  1  5  1
 9  5  6  8
 6  9  7  5
 6  4  6  7
 5  5  4  9
 9  8  5  7
 9  7  7  8
 4  7  8  5
 7  4  9  7
 8  8  6  4
 7  4  7  6
 5  7  8  6
 6  6  6  4
 8  8  5  5
 6  7  5  7
 8  6  7  4
 8  9  9  4
 6  5  8  9
 5  4  8  7
 6  5  9  7
 5  9  6  8
 4  9  4  4
 9  4  9  9
 6  4  4  5
 7  7  9  5
 4  5  6  8
2x2 solution sets
  0 0 3 0   4   5  19  49
  0 1 0 1  18   3  29  21
  3 0 3 2  11  34   1  17
  0 1 2 2  41  14  20   2
  0 0 0 0  15  23  47  39
  0 1 0 1  44  10  27  16
  0 0 2 2  45  46  13  22
  3 0 3 0   7  43   6  25
  0 0 0 0  31  32  37  30 *
One single tile solution to this puzzle - there may be more
   4   5  15  23   8  18   3
  19  49  47  39  35  29  21
   7  43  31  32  33  44  10
   6  25  37  30  38  27  16
  24  26  28  48  42  36  12
  11  34  45  46  40  41  14
   1  17  13  22   9  20   2
