 6          puzzle size (rows and columns)
 3   6      # border colours  # inside colours
Top Rgt Bot Lft
 0  3  3  0
 0  2  1  0
 0  2  3  0
 0  1  3  0
 0  1  9  1
 0  3  5  1
 0  2  8  3
 0  2  6  1
 0  3  4  2
 0  1  8  1
 0  2  7  1
 0  1  6  3
 0  2  5  3
 0  1  9  2
 0  3  7  2
 0  2  7  2
 0  3  5  2
 0  3  9  2
 0  3  7  3
 0  1  6  2
 8  9  4  4
 6  5  9  7
 6  9  5  4
 7  7  7  8
 8  8  7  9
 5  7  6  8
 9  4  6  5
 5  8  8  6
 6  5  4  7
 4  4  4  8
 6  5  6  4
 4  8  5  9
 4  9  7  5
 7  8  5  8
 6  6  8  5
 6  9  7  9
2x2 solution sets
  0 0 3 0   1  12   9  31
  0 1 0 1  20   2  36  14
  3 0 3 2   6  33   4  15
  0 1 2 2  22  17  18   3
  0 0 0 0   5   8  27  23
  0 1 0 1  34  10  26  11
  0 0 2 2  32  24  13  19
  3 0 3 0  16  29   7  30
  0 0 0 0  35  28  21  25 *
One single tile solution to this puzzle - there may be more
   1  12   5   8  20   2
   9  31  27  23  36  14
  16  29  35  28  34  10
   7  30  21  25  26  11
   6  33  32  24  22  17
   4  15  13  19  18   3
