 6          puzzle size (rows and columns)
 3   6      # border colours  # inside colours
Top Rgt Bot Lft
 0  1  1  0
 0  3  3  0
 0  2  1  0
 0  3  2  0
 0  2  7  3
 0  3  9  1
 0  2  7  2
 0  3  7  2
 0  1  9  3
 0  2  6  1
 0  3  6  1
 0  2  4  3
 0  1  4  3
 0  2  9  3
 0  2  5  1
 0  1  7  2
 0  3  5  2
 0  1  6  3
 0  1  4  2
 0  3  9  2
 8  6  4  8
 8  8  6  6
 5  6  5  8
 6  8  9  8
 9  6  8  5
 7  8  7  7
 7  4  4  6
 4  9  4  5
 5  7  7  5
 5  9  7  9
 8  5  7  6
 7  8  6  9
 4  9  8  8
 5  4  8  4
 6  9  5  6
 7  5  5  4
2x2 solution sets
  0 0 3 0   1  15  19  34
  0 1 0 1   7   4  27  12
  3 0 3 2  17  29   3  16
  0 1 2 2  21  11  13   2
  0 0 0 0   8  14  36  25
  0 1 0 1  28  20  33   9
  0 0 2 2  26  24   5   6
  3 0 3 0  10  22  18  35
  0 0 0 0  23  31  30  32 *
One single tile solution to this puzzle - there may be more
   1  15   8  14   7   4
  19  34  36  25  27  12
  10  22  23  31  28  20
  18  35  30  32  33   9
  17  29  26  24  21  11
   3  16   5   6  13   2
