 8          puzzle size (rows and columns)
 3   8      # border colours  # inside colours
Top Rgt Bot Lft
 0  2  2  0
 0  3  2  0
 0  3  3  0
 0  1  1  0
 0  2  6  3
 0  2  4  3
 0  3  5  2
 0  1  8  1
 0  3  7  1
 0  2  6  2
 0  2  8  3
 0  3 10  2
 0  2  7  3
 0  1  8  2
 0  3 10  3
 0  3  5  3
 0  3  4  1
 0  1  6  2
 0  2  4  2
 0  3  8  2
 0  1  5  3
 0  1  7  2
 0  2  5  1
 0  1  5  1
 0  2  7  1
 0  1 10  1
 0  1  6  3
 0  2  8  1
11  5  4 11
 4 10  8  5
 6  8  4  6
 7  5 10 11
 9  5  6  9
 9  9  4  9
 9  5  7  5
11  8  6  7
 4 11 10 11
 9 11 11  5
10  9  4 10
 7 11  8  7
 4 10  4  9
10  9  5  8
10  7 11 10
 5  9  6 10
 6  7  9  9
 6  7  8  8
 6  6  4 11
 4  6  8  6
10  9  4  8
 6 11  5 11
 4 11  8  6
 4  6  4  7
 8  5  5  5
 8  7 10  9
 6  7  9  7
 4  9 10  5
 8  5  7 10
 8 11  9  7
 4  5 11  6
 7  7 10  6
 4 11  7  5
 8 10  6 11
 7  8  8  9
11 10  9 11
2x2 solution sets
  0 0 3 0   2   5  25  55
  0 1 0 1  22   4  63   8
  3 0 3 2  10  31   1  19
  0 1 2 2  53  16  21   3
  0 0 0 0  20  27  58  47
  0 0 0 0  17   6  59  56
  0 1 0 1  54   9  43  13
  0 1 0 1  29   7  30  15
  0 0 2 2  46  40  28  14
  0 0 2 2  50  32  23  26
  3 0 3 0  24  35  18  60
  3 0 3 0  11  42  12  44
  0 0 0 0  38  37  36  49 *
  0 0 0 0  64  39  34  41 *
  0 0 0 0  45  52  33  61 *
  0 0 0 0  48  51  62  57 *
One single tile solution to this puzzle - there may be more
   2   5  20  27  17   6  22   4
  25  55  58  47  59  56  63   8
  24  35  38  37  64  39  54   9
  18  60  36  49  34  41  43  13
  11  42  45  52  48  51  29   7
  12  44  33  61  62  57  30  15
  10  31  46  40  50  32  53  16
   1  19  28  14  23  26  21   3
