 6          puzzle size (rows and columns)
 3   6      # border colours  # inside colours
Top Rgt Bot Lft
 0  1  1  0
 0  2  3  0
 0  3  2  0
 0  3  3  0
 0  2  6  3
 0  2  6  1
 0  1  7  3
 0  1  7  1
 0  1  5  1
 0  1  4  1
 0  3  9  3
 0  3  9  2
 0  3  4  2
 0  3  7  2
 0  3  5  3
 0  2  8  3
 0  2  5  2
 0  2  7  1
 0  2  8  2
 0  1  8  2
 7  9  5  6
 8  4  5  5
 6  4  8  4
 7  8  4  9
 4  7  9  8
 9  6  5  8
 5  8  8  6
 7  4  8  8
 9  7  6  4
 8  6  9  5
 5  4  9  7
 6  6  6  7
 6  4  7  4
 5  5  9  6
 9  7  9  5
 8  5  6  7
2x2 solution sets
  0 0 3 0   3  16  17  30
  0 1 0 1   8   1  28  10
  3 0 3 2  15  35   4  11
  0 1 2 2  23  13  20   2
  0 0 0 0  14   7  21  24
  0 1 0 1  36   9  32   6
  0 0 2 2  31  33  12  18
  3 0 3 0  19  26   5  34
  0 0 0 0  27  25  22  29 *
One single tile solution to this puzzle - there may be more
   3  16  14   7   8   1
  17  30  21  24  28  10
  19  26  27  25  36   9
   5  34  22  29  32   6
  15  35  31  33  23  13
   4  11  12  18  20   2
