 6          puzzle size (rows and columns)
 3   6      # border colours  # inside colours
Top Rgt Bot Lft
 0  3  2  0
 0  1  2  0
 0  2  3  0
 0  2  2  0
 0  3  8  2
 0  3  6  3
 0  3  8  1
 0  1  9  3
 0  3  5  2
 0  2  6  3
 0  1  4  1
 0  3  5  1
 0  2  4  2
 0  3  6  1
 0  1  9  2
 0  2  9  1
 0  1  5  3
 0  2  6  1
 0  2  7  3
 0  1  4  3
 4  5  8  6
 9  6  8  7
 9  6  4  6
 5  9  6  6
 5  4  8  6
 7  6  7  4
 7  7  4  9
 7  8  9  7
 4  4  5  7
 8  9  5  8
 8  7  7  5
 5  6  8  5
 8  8  9  9
 4  9  5  7
 5  7  7  6
 8  5  4  8
2x2 solution sets
  0 0 3 0   4  13  10  21
  0 1 0 1  16   1  22   6
  3 0 3 2  14  24   2  18
  0 1 2 2  33   7  15   3
  0 0 0 0   9  17  32  35
  0 1 0 1  30   8  25  11
  0 0 2 2  27  34  20  12
  3 0 3 0   5  36  19  29
  0 0 0 0  31  28  26  23 *
One single tile solution to this puzzle - there may be more
   4  13   9  17  16   1
  10  21  32  35  22   6
   5  36  31  28  30   8
  19  29  26  23  25  11
  14  24  27  34  33   7
   2  18  20  12  15   3
