 6          puzzle size (rows and columns)
 3   6      # border colours  # inside colours
Top Rgt Bot Lft
 0  2  2  0
 0  1  1  0
 0  2  3  0
 0  3  3  0
 0  3  7  2
 0  1  7  1
 0  3  4  2
 0  1  5  3
 0  3  8  2
 0  1  4  3
 0  2  8  3
 0  1  8  2
 0  2  9  1
 0  2  6  1
 0  3  9  1
 0  2  6  2
 0  3  4  1
 0  3  5  2
 0  2  5  3
 0  1  9  3
 8  5  9  6
 7  6  9  8
 4  8  6  9
 9  9  6  5
 8  5  4  7
 4  6  5  9
 6  7  4  4
 4  6  6  5
 9  8  9  7
 6  4  8  5
 9  4  7  7
 6  7  5  8
 8  5  8  8
 5  7  4  5
 7  5  7  6
 7  8  6  7
2x2 solution sets
  0 0 3 0   1  12  11  33
  0 1 0 1   6   2  22  14
  3 0 3 2   8  34   4  17
  0 1 2 2  36   9  16   3
  0 0 0 0  15  10  24  23
  0 1 0 1  31   7  35  19
  0 0 2 2  29  32  20  18
  3 0 3 0   5  25  13  26
  0 0 0 0  30  27  21  28 *
One single tile solution to this puzzle - there may be more
   1  12  15  10   6   2
  11  33  24  23  22  14
   5  25  30  27  31   7
  13  26  21  28  35  19
   8  34  29  32  36   9
   4  17  20  18  16   3
