 6          puzzle size (rows and columns)
 3   6      # border colours  # inside colours
Top Rgt Bot Lft
 0  3  2  0
 0  3  3  0
 0  2  1  0
 0  2  3  0
 0  2  4  3
 0  3  6  2
 0  1  5  1
 0  1  7  1
 0  1  8  2
 0  3  9  3
 0  3  4  1
 0  2  5  1
 0  2  6  2
 0  2  5  3
 0  1  5  2
 0  1  6  2
 0  2  8  3
 0  1  7  3
 0  3  9  2
 0  3  9  1
 9  4  6  6
 4  6  9  7
 4  6  7  8
 9  8  4  8
 6  7  9  5
 8  8  5  8
 4  8  4  7
 6  6  6  7
 5  5  4  5
 6  5  8  5
 4  7  4  9
 5  8  4  7
 7  7  9  7
 8  7  9  5
 9  9  6  8
 5  7  8  6
2x2 solution sets
  0 0 3 0   3  16   8  28
  0 1 0 1  20   2  24  17
  3 0 3 2  14  29   1   5
  0 1 2 2  21  11  13   4
  0 0 0 0  12  15  36  32
  0 1 0 1  23   6  33  18
  0 0 2 2  25  22  10  19
  3 0 3 0   7  30   9  26
  0 0 0 0  34  27  35  31 *
One single tile solution to this puzzle - there may be more
   3  16  12  15  20   2
   8  28  36  32  24  17
   7  30  34  27  23   6
   9  26  35  31  33  18
  14  29  25  22  21  11
   1   5  10  19  13   4
