 9          puzzle size (rows and columns)
 3   8      # border colours  # inside colours
Top Rgt Bot Lft
 0  1  3  0
 0  3  3  0
 0  3  2  0
 0  3  1  0
 0  1 11  1
 0  2  5  2
 0  1  4  2
 0  2 10  3
 0  1 10  1
 0  2  9  2
 0  1  5  1
 0  2  4  2
 0  2 11  2
 0  2 11  3
 0  3  9  2
 0  3  6  1
 0  2  8  3
 0  2  5  1
 0  1 10  3
 0  3  4  1
 0  1 11  2
 0  3  7  1
 0  3  8  3
 0  3  6  3
 0  3  7  2
 0  2  6  1
 0  1  9  3
 0  2  9  1
 0  3  6  2
 0  2  5  3
 0  1  8  2
 0  1  6  3
 7  4 10 11
 7  7  5  8
10  5  6  9
 7  5  9 11
 8 10  4  9
11 11  9  7
 5 11  8  4
 9  7  4  7
10 11 10  4
 7  8  9  5
 4  5 10  5
11  8  6  8
 4  4 10  8
 5  4  5  7
11  8  7  5
 5  9  8 11
 6  5  9 11
 4  6 10  7
10  7  4  5
11  6 11 10
 4 10  8 11
 9  6  5  9
10  5 11  5
 6  4  8  4
 8  7 11  6
 6  6  8  6
 8  9  4  9
11  9  9  6
10  4 11  6
 4 11  6  7
 4  6  7 10
 8  7  4  7
 8  7  7  9
 9  9  4 10
 8  4  4  8
 6  6  8  9
 6  9  7  4
 5  8  7  6
 9  9 10  8
10  5  9  4
10  5  8  7
 7 10  8  4
 9  6  6  5
11 10 11  5
11 10  6 10
 5 11  7  6
10  7  5 10
 8  8 11  5
 7 11 10  9
2x2 solution sets
  0 0 3 0   2  32  24  58
  0 1 0 1   5   4  38  14
  3 0 3 2  18  75   1  16
  0 1 2 2  81  13  19   3
  0 0 0 0   9  11  61  39
  0 0 0 0  22   8  36  51
  0 1 0 1  66  10  50  29
  0 1 0 1  73  30  67   7
  0 0 2 2  60  68  27  23
  0 0 2 2  78  48  25  17
  3 0 3 0  15  37   6  43
  3 0 3 0  12  41  28  35
  0 0 0 0  52  57  47  44 *
  0 0 0 0  40  62  45  69 *
  0 0 0 0  33  56  55  80 *
  0 0 0 0  72  42  71  54 *
One single tile solution to this puzzle - there may be more
   2  32   9  11  22   8  31   5   4
  24  58  61  39  36  51  64  38  14
  15  37  52  57  40  62  53  66  10
   6  43  47  44  45  69  65  50  29
  12  41  33  56  72  42  34  73  30
  28  35  55  80  71  54  70  67   7
  21  49  76  77  79  46  74  63  26
  18  75  60  68  78  48  59  81  13
   1  16  27  23  25  17  20  19   3
