 7          puzzle size (rows and columns)
 3   6      # border colours  # inside colours
Top Rgt Bot Lft
 0  2  1  0
 0  1  2  0
 0  3  1  0
 0  1  3  0
 0  3  9  1
 0  2  8  3
 0  1  7  1
 0  3  6  2
 0  2  8  2
 0  2  4  3
 0  1  5  3
 0  1  6  2
 0  3  5  2
 0  2  5  1
 0  1  6  3
 0  2  9  2
 0  1  7  2
 0  3  7  1
 0  2  5  3
 0  3  4  1
 0  2  4  1
 0  3  9  2
 0  1  8  3
 0  3  5  3
 8  9  6  9
 7  4  7  8
 7  8  5  9
 9  5  9  7
 6  8  7  4
 5  9  7  5
 7  4  5  5
 9  4  7  9
 5  9  9  8
 8  6  6  8
 6  4  5  4
 7  6  7  4
 6  4  9  4
 4  8  8  6
 4  4  6  9
 7  8  7  9
 6  8  9  8
 7  7  6  4
 6  9  5  8
 5  8  6  8
 9  4  6  7
 6  7  5  9
 5  8  7  5
 5  6  4  8
 6  5  4  4
2x2 solution sets
  0 0 3 0   4  18  22  27
  0 1 0 1  15   3  35  10
  3 0 3 2  16  46   1  11
  0 1 2 2  49  14  21   2
  0 0 0 0  24  23  33  25
  0 1 0 1  48   8  38   6
  0 0 2 2  28  47   5   7
  3 0 3 0  19  30  13  31
  0 0 0 0  32  37  42  45 *
One single tile solution to this puzzle - there may be more
   4  18  24  23  20  15   3
  22  27  33  25  39  35  10
  19  30  32  37  29  48   8
  13  31  42  45  36  38   6
   9  44  41  43  40  34  12
  16  46  28  47  26  49  14
   1  11   5   7  17  21   2
