 8          puzzle size (rows and columns)
 3   8      # border colours  # inside colours
Top Rgt Bot Lft
 0  2  3  0
 0  3  3  0
 0  1  2  0
 0  2  2  0
 0  2  7  2
 0  2  9  3
 0  1  6  1
 0  3  5  1
 0  1 11  2
 0  3  5  3
 0  1  6  3
 0  1  6  2
 0  2  6  3
 0  3  7  1
 0  3  8  1
 0  2  5  1
 0  3 11  1
 0  3  9  1
 0  1  7  2
 0  2  9  2
 0  3 10  3
 0  2 10  1
 0  2 11  2
 0  3  6  3
 0  2  8  2
 0  1  4  3
 0  1 11  1
 0  1 10  2
 8  7  9  4
10 11  7  5
 4 10  9 10
 5  4  5  6
11  8  5  6
 6  9  6  8
 7  5  7  8
 5  8 10 10
 4  8 11  5
11  6  5 11
 7  5  4  4
 5  8  4  5
 8  5 11 10
11  4  5  7
 7  6  4  7
 8 10  8  7
 9  6 10  7
10  9 11 11
 9  7  7  6
 8 11 10 10
 4 10  5  5
 8  6  5  9
11  4  7 11
11  7  6  9
 7  9  4  6
 7  9  9  8
 4  7  8  9
10  6  6  7
 4  9 10 10
 5  9  8  8
 9  8  4  4
 6 10 11  4
 9  5  4  9
 5  4 11  8
 7  8 11  6
 6 10  8  6
2x2 solution sets
  0 0 3 0   1  23  17  51
  0 1 0 1   5   4  54  20
  3 0 3 2  14  42   3  16
  0 1 2 2  49  21  10   2
  0 0 0 0  25  19  29  43
  0 0 0 0   8   6  32  59
  0 1 0 1  45  12  46  18
  0 1 0 1  38  11  40  15
  0 0 2 2  60  36   9  22
  0 0 2 2  62  39  27  26
  3 0 3 0   7  53  28  31
  3 0 3 0  13  47  24  63
  0 0 0 0  61  37  57  52 *
  0 0 0 0  58  55  44  48 *
  0 0 0 0  56  64  34  50 *
  0 0 0 0  41  30  33  35 *
One single tile solution to this puzzle - there may be more
   1  23  25  19   8   6   5   4
  17  51  29  43  32  59  54  20
   7  53  61  37  58  55  45  12
  28  31  57  52  44  48  46  18
  13  47  56  64  41  30  38  11
  24  63  34  50  33  35  40  15
  14  42  60  36  62  39  49  21
   3  16   9  22  27  26  10   2
