 8          puzzle size (rows and columns)
 3   8      # border colours  # inside colours
Top Rgt Bot Lft
 0  2  3  0
 0  2  2  0
 0  1  2  0
 0  1  1  0
 0  1  6  2
 0  3  7  2
 0  1  7  3
 0  3  9  3
 0  2  6  2
 0  3  8  1
 0  3  6  1
 0  2  8  3
 0  1  5  3
 0  3  8  2
 0  2 11  1
 0  2  5  3
 0  1 11  1
 0  1 10  3
 0  1  5  2
 0  3 10  1
 0  3  5  2
 0  2  5  2
 0  2  5  1
 0  1  5  1
 0  3  6  3
 0  3  8  3
 0  2  4  1
 0  2  8  2
 9  7 10  9
10  9  7  7
 6  8  4 11
 4  9  9  5
 5 10 10  9
 4  8 11  4
 8 10  7 10
 9  5 11 11
10  8  6 10
 8  6  9  6
 4  7  6  8
10  5  9  4
 4  7  9  7
 9  9  4  9
11 11  4  9
 9  6 10  8
 5 10 10  7
 4  6  6 11
10  7  4  4
 4  8  6  6
11 11  5  8
 9  4  6  9
 5  7  5 10
 8  5 10 10
 5  5 10 11
 6 11  8  8
 7  4  4  7
 6  8  5  7
 7 11 11  6
11 10 11  8
 6  9 11  7
 5 11  6  7
 8  7  8  5
 6  7  9 11
 6  7  5  7
 4  4  4  8
2x2 solution sets
  0 0 3 0   1   9  14  54
  0 1 0 1  28   3  52  23
  3 0 3 2   6  59   2  15
  0 1 2 2  36  24  17   4
  0 0 0 0  19  27  53  32
  0 0 0 0  21  12  33  35
  0 1 0 1  40  22  44   5
  0 1 0 1  37  10  62   7
  0 0 2 2  29  45  18  20
  0 0 2 2  51  60  13  11
  3 0 3 0  16  61  25  38
  3 0 3 0   8  42  26  39
  0 0 0 0  30  50  57  31 *
  0 0 0 0  47  55  64  34 *
  0 0 0 0  43  46  41  63 *
  0 0 0 0  48  58  56  49 *
One single tile solution to this puzzle - there may be more
   1   9  19  27  21  12  28   3
  14  54  53  32  33  35  52  23
  16  61  30  50  47  55  40  22
  25  38  57  31  64  34  44   5
   8  42  43  46  48  58  37  10
  26  39  41  63  56  49  62   7
   6  59  29  45  51  60  36  24
   2  15  18  20  13  11  17   4
