 9          puzzle size (rows and columns)
 3   8      # border colours  # inside colours
Top Rgt Bot Lft
 0  1  1  0
 0  1  2  0
 0  2  3  0
 0  2  2  0
 0  3 10  1
 0  3  7  1
 0  2  7  3
 0  1  5  1
 0  1  4  1
 0  3  8  3
 0  2  5  1
 0  2  5  3
 0  2  4  3
 0  1  4  3
 0  1 10  3
 0  3  4  2
 0  1  8  2
 0  2  9  3
 0  3 11  2
 0  1  5  2
 0  2  6  2
 0  1  9  2
 0  2  6  1
 0  3  8  2
 0  3 10  3
 0  1 11  1
 0  3  9  2
 0  3  5  3
 0  2  7  1
 0  3  5  2
 0  3  9  3
 0  2  8  1
10  6  4  5
 7 11  8 11
 8 10  4  4
 7  7  4 11
 4  4  9  7
 4 11  8  6
 5 11  8  6
 7 10  4 10
 6  5 10  6
 7  8  8 10
 9 11  7  4
 6  6 11  7
 8 11  8  7
 9 10  7 11
 7  9 10  4
 4  9  5  6
10 10  6 10
 5  5 10  9
 5 11 11  4
 8  7  9  9
10  4  5 10
 5  9  8 10
 9  8  5  4
11  7  8  9
11  6  6 11
10  4  6  7
 5 11  4  8
 4  6  9 11
 5 10  5  8
 6 11 10  8
 6  9  4  9
 6 11 10 10
10 11  7 11
 4 10  6  9
 9  5  5 11
 5  8  4  8
 8  5  7 11
 8  4  9 10
 6  7  9  7
 5  7  9  5
 8  9  6  9
 4  6  5  6
11  7  6  8
 8  7  6  4
 7 10  6 11
 7  6  9 10
 9  5  5  8
 6  9  7 11
 4  8  7 11
2x2 solution sets
  0 0 3 0   1   8  14  51
  0 1 0 1  28   3  54  27
  3 0 3 2  26  60   2  18
  0 1 2 2  33  21  16   4
  0 0 0 0   6  13  34  81
  0 0 0 0  19  25  75  58
  0 1 0 1  52   7  67  20
  0 1 0 1  72  29  79  30
  0 0 2 2  38  77  24  23
  0 0 2 2  78  74  22  11
  3 0 3 0  31  56   5  70
  3 0 3 0   9  55  17  61
  0 0 0 0  45  36  76  37 *
  0 0 0 0  71  44  43  57 *
  0 0 0 0  62  46  53  47 *
  0 0 0 0  40  64  66  49 *
One single tile solution to this puzzle - there may be more
   1   8   6  13  19  25  10  28   3
  14  51  34  81  75  58  35  54  27
  31  56  45  36  71  44  48  52   7
   5  70  76  37  43  57  39  67  20
   9  55  62  46  40  64  69  72  29
  17  61  53  47  66  49  42  79  30
  32  68  59  65  80  63  73  50  12
  26  60  38  77  78  74  41  33  21
   2  18  24  23  22  11  15  16   4
