 8          puzzle size (rows and columns)
 3   8      # border colours  # inside colours
Top Rgt Bot Lft
 0  1  3  0
 0  3  2  0
 0  2  1  0
 0  3  1  0
 0  2  9  2
 0  2 11  3
 0  1 11  3
 0  1  9  1
 0  2 10  1
 0  1  6  2
 0  1  6  3
 0  3  8  3
 0  1  4  3
 0  2  8  3
 0  2  5  2
 0  2 11  2
 0  3  6  3
 0  3 10  2
 0  2  7  2
 0  3  4  2
 0  3  7  1
 0  2  9  3
 0  3  6  1
 0  2  5  1
 0  1  5  2
 0  1  6  1
 0  1  4  1
 0  3 11  2
 6 10  4 10
10 10 11  6
 9  7  4  8
 5  4  7  7
 7  4  7  7
10  5  6  5
 7  6 11  4
11 10  8  6
 4 11  8  7
 8  9  4  6
 5  4  8  8
10  5  7  8
 9  7 11  5
 4  6  8 10
 6  4  9  8
 5  8  5 10
11  9  8  4
 5  7  5 11
11  9  4  6
11  7  9  5
 9  5 10  8
 5  9 11 11
10  5  7  9
 4  6  4  7
 7 10  9  4
 6  8 10 11
 7 11  5  5
 8  5 10  9
 4  5 10  9
 7  6  8  9
10  8  6  4
 8  9  5  6
 6  8 11  6
11  8 11 10
 8 10  7  9
 9  6  7  7
2x2 solution sets
  0 0 3 0   1   8  21  64
  0 1 0 1  10   4  43  13
  3 0 3 2  16  50   3   7
  0 1 2 2  37   6  14   2
  0 0 0 0  23  22  61  31
  0 0 0 0  25   9  32  59
  0 1 0 1  49  24  34  15
  0 1 0 1  29  18  52  17
  0 0 2 2  58  38  12  20
  0 0 2 2  51  48  19   5
  3 0 3 0  27  35  26  36
  3 0 3 0  11  60  28  46
  0 0 0 0  47  57  42  30 *
  0 0 0 0  55  54  44  40 *
  0 0 0 0  63  62  33  45 *
  0 0 0 0  39  53  56  41 *
One single tile solution to this puzzle - there may be more
   1   8  23  22  25   9  10   4
  21  64  61  31  32  59  43  13
  27  35  47  57  55  54  49  24
  26  36  42  30  44  40  34  15
  11  60  63  62  39  53  29  18
  28  46  33  45  56  41  52  17
  16  50  58  38  51  48  37   6
   3   7  12  20  19   5  14   2
