 9          puzzle size (rows and columns)
 3   8      # border colours  # inside colours
Top Rgt Bot Lft
 0  1  3  0
 0  2  1  0
 0  2  2  0
 0  3  1  0
 0  1  5  3
 0  3  9  1
 0  3  7  3
 0  3 10  3
 0  3  7  2
 0  1  9  2
 0  2  6  3
 0  1  9  1
 0  2  9  2
 0  1  7  3
 0  3  9  3
 0  3  4  2
 0  2  8  2
 0  1  7  2
 0  1 11  2
 0  3  6  2
 0  2  9  1
 0  1  6  1
 0  2  8  3
 0  1  8  1
 0  3  5  3
 0  2  4  3
 0  3 10  2
 0  3  7  1
 0  1 10  1
 0  2  7  2
 0  2  6  1
 0  2 11  3
 4  6 10  8
 8  7  6  9
 5  9  5  5
 7  4  8  8
 8  8  8 10
 6  4  8  5
 8  8 10  6
 5 11  6  4
10  6  4  9
10  9 10 10
10  9  4 10
 7 10  7  8
 6 11  5  7
11  7 11  4
10  4  5  9
 4  9  5  4
 5 11  9  9
11  9  4 11
 8  8 11 10
 9  9 11  4
11  8  8  5
 5  6  9 11
 6  6 11 11
 6 10  9  6
 4  7  5  4
10 10  5  6
10  4  9  7
 5  4 10  7
 7  8 11  5
 7  7  5  9
11  7  6  6
 5  4 11  6
 7  5  7  4
 9  5  8  7
10  9  5  9
 4  6 10  6
11  6  6  6
 9  4  6 11
11 10 11  8
11 11  7  4
 8  4 11  9
 5  4  8 11
10  7 10  4
 8  6  7  9
 5  5  6  4
 5  7 10  7
 5 11  5 10
11  8  4  8
 7  8 10  8
2x2 solution sets
  0 0 3 0   3  16  31  68
  0 1 0 1   8   1  67  12
  3 0 3 2  15  76   4  18
  0 1 2 2  63  14  20   2
  0 0 0 0  23  30  39  81
  0 0 0 0   9   7  36  65
  0 1 0 1  54  22  52  21
  0 1 0 1  72  19  61  24
  0 0 2 2  56  37  13  17
  0 0 2 2  80  33  26  27
  3 0 3 0  29  42  10  47
  3 0 3 0  32  74   6  34
  0 0 0 0  41  58  48  49 *
  0 0 0 0  51  44  50  62 *
  0 0 0 0  40  70  45  55 *
  0 0 0 0  57  78  64  75 *
One single tile solution to this puzzle - there may be more
   3  16  23  30   9   7  25   8   1
  31  68  39  81  36  65  35  67  12
  29  42  41  58  51  44  79  54  22
  10  47  48  49  50  62  60  52  21
  32  74  40  70  57  78  59  72  19
   6  34  45  55  64  75  66  61  24
   5  38  77  53  71  43  73  46  28
  15  76  56  37  80  33  69  63  14
   4  18  13  17  26  27  11  20   2
