 6          puzzle size (rows and columns)
 3   6      # border colours  # inside colours
Top Rgt Bot Lft
 0  3  1  0
 0  3  2  0
 0  1  2  0
 0  2  2  0
 0  1  7  2
 0  3  5  1
 0  1  7  3
 0  3  8  2
 0  2  4  3
 0  3  7  2
 0  1  5  3
 0  2  6  3
 0  1  8  1
 0  1  5  1
 0  2  5  3
 0  3  7  1
 0  2  4  2
 0  2  6  1
 0  3  5  3
 0  2  9  3
 6  6  5  9
 7  6  8  7
 7  8  6  7
 8  9  7  4
 9  6  9  5
 4  9  5  9
 5  6  8  5
 6  7  8  6
 8  4  8  8
 7  7  9  8
 8  7  4  4
 4  4  5  6
 9  8  4  6
 9  6  5  7
 5  9  5  6
 4  8  9  4
2x2 solution sets
  0 0 3 0   4  17   9  36
  0 1 0 1  18   3  28  16
  3 0 3 2  15  27   1  13
  0 1 2 2  21  12  19   2
  0 0 0 0  10   7  30  22
  0 1 0 1  24  20  23   8
  0 0 2 2  35  26  14  11
  3 0 3 0   6  25   5  34
  0 0 0 0  33  29  32  31 *
One single tile solution to this puzzle - there may be more
   4  17  10   7  18   3
   9  36  30  22  28  16
   6  25  33  29  24  20
   5  34  32  31  23   8
  15  27  35  26  21  12
   1  13  14  11  19   2
