 6          puzzle size (rows and columns)
 3   6      # border colours  # inside colours
Top Rgt Bot Lft
 0  3  1  0
 0  2  2  0
 0  1  1  0
 0  3  3  0
 0  2  7  3
 0  2  5  3
 0  2  8  2
 0  1  7  3
 0  2  6  1
 0  3  5  2
 0  1  6  1
 0  1  6  2
 0  2  4  1
 0  3  7  3
 0  1  6  3
 0  3  4  3
 0  2  9  1
 0  3  8  2
 0  1  8  2
 0  3  4  2
 7  5  9  9
 5  7  7  7
 9  8  6  5
 4  8  6  8
 8  5  5  8
 8  5  4  9
 7  8  5  5
 4  9  8  7
 6  7  9  9
 5  9  4  8
 5  9  6  9
 4  7  6  5
 9  6  4  4
 7  7  8  4
 6  4  6  7
 6  5  6  8
2x2 solution sets
  0 0 3 0   4   5  20  34
  0 1 0 1   8   1  21   6
  3 0 3 2   7  36   2   9
  0 1 2 2  33  15  13   3
  0 0 0 0  10  16  22  28
  0 1 0 1  23  18  29  14
  0 0 2 2  32  35  11  12
  3 0 3 0  17  26  19  24
  0 0 0 0  27  25  30  31 *
One single tile solution to this puzzle - there may be more
   4   5  10  16   8   1
  20  34  22  28  21   6
  17  26  27  25  23  18
  19  24  30  31  29  14
   7  36  32  35  33  15
   2   9  11  12  13   3
