 8          puzzle size (rows and columns)
 3   8      # border colours  # inside colours
Top Rgt Bot Lft
 0  2  2  0
 0  3  3  0
 0  2  3  0
 0  2  1  0
 0  3 11  1
 0  2  5  1
 0  3  6  1
 0  1  4  3
 0  3  9  1
 0  2  4  3
 0  3  5  2
 0  2  6  2
 0  1  4  2
 0  1  7  1
 0  2  4  1
 0  1  5  3
 0  1  9  3
 0  3  4  1
 0  3 10  2
 0  3  7  2
 0  1  8  3
 0  3  8  3
 0  2 10  3
 0  2  4  2
 0  1 10  1
 0  1 10  2
 0  2 11  2
 0  1  8  2
10 10  4  9
 9  7  6  6
 5  4 11  7
11  5 11 10
 6  8 11  6
11  7  5  9
 8  5  5  8
 5  7  7  9
 8  8  6 10
 7 11  7  7
 6 10  5  5
 9  8 11  8
 8 11 11  9
11  6  6  9
11  9  8  7
 4  4  6 10
 6  7  8  8
 6  9  5  5
10  4  7  7
 6  7  8 11
 8  8 11  9
 7  5  4  4
 4  5  6  8
 7 10 10  8
11 10  7  5
 5  9  7 11
 7  9  6 10
10  5  5  9
 5 11  4  4
 7  6  5  8
 6 10 10  6
 5  9 10 11
 4  6  4 11
 4  9  9  9
 6  9  8  7
10  6  8  4
2x2 solution sets
  0 0 3 0   1  19  10  64
  0 1 0 1  20   3  50  11
  3 0 3 2   8  57   2  18
  0 1 2 2  31  13  27   4
  0 0 0 0  17   7  30  63
  0 0 0 0  23  24  29  44
  0 1 0 1  51  16  59  25
  0 1 0 1  47  15  58  12
  0 0 2 2  60  34  26   6
  0 0 2 2  38  48  14  28
  3 0 3 0  22  35   5  54
  3 0 3 0  21  52   9  56
  0 0 0 0  46  41  36  43 *
  0 0 0 0  61  33  62  42 *
  0 0 0 0  55  49  39  32 *
  0 0 0 0  40  45  53  37 *
One single tile solution to this puzzle - there may be more
   1  19  17   7  23  24  20   3
  10  64  30  63  29  44  50  11
  22  35  46  41  61  33  51  16
   5  54  36  43  62  42  59  25
  21  52  55  49  40  45  47  15
   9  56  39  32  53  37  58  12
   8  57  60  34  38  48  31  13
   2  18  26   6  14  28  27   4
