 8          puzzle size (rows and columns)
 3   8      # border colours  # inside colours
Top Rgt Bot Lft
 0  3  2  0
 0  3  3  0
 0  1  1  0
 0  2  3  0
 0  3  6  2
 0  3 11  2
 0  1  8  1
 0  1  8  2
 0  1 11  3
 0  2  6  2
 0  2  9  2
 0  2  4  2
 0  1  9  1
 0  2  4  3
 0  3  5  3
 0  1  7  3
 0  1  6  2
 0  2 10  1
 0  2  9  3
 0  2  5  3
 0  3  5  2
 0  2  4  1
 0  2  8  1
 0  1  6  1
 0  1  9  3
 0  3  8  1
 0  3 10  2
 0  3  7  1
 5  5  6  7
10 11 10  8
 9  5  4 11
 5  8  7  8
10 10 10  9
 6  6  7  6
 7 11 10  4
11 11  4  6
 7 10  7  8
 8  5 11  5
 7  7  9  8
 6  9 11  5
 4  4  5 10
 4  5  7  7
11  9  6  5
 7 11  7  4
10  4  4  6
 6 11  4  9
 7  4  6  9
10  8  9  5
 8  7  9  8
11  6 10 10
 5  9  9 11
 8  8 10  5
 5 11  9 11
10  6 10 11
 6  6  5  4
 9  4  6  9
 9 10  5  5
 6  6  8  7
 8  4  7  8
 7  8  7  6
 7  4 11  7
10  8 11 11
 5  9 10  8
 4  8  5  4
2x2 solution sets
  0 0 3 0   2  20  28  29
  0 1 0 1  17   3  34  24
  3 0 3 2  21  43   4   5
  0 1 2 2  51  11  19   1
  0 0 0 0   8   7  38  52
  0 0 0 0  23  10  59  55
  0 1 0 1  37  18  35   6
  0 1 0 1  45  14  41  12
  0 0 2 2  46  53  22  13
  0 0 2 2  62  30   9  27
  3 0 3 0  16  58  26  49
  3 0 3 0  25  56  15  40
  0 0 0 0  36  54  42  48 *
  0 0 0 0  60  32  39  61 *
  0 0 0 0  44  31  47  64 *
  0 0 0 0  57  50  63  33 *
One single tile solution to this puzzle - there may be more
   2  20   8   7  23  10  17   3
  28  29  38  52  59  55  34  24
  16  58  36  54  60  32  37  18
  26  49  42  48  39  61  35   6
  25  56  44  31  57  50  45  14
  15  40  47  64  63  33  41  12
  21  43  46  53  62  30  51  11
   4   5  22  13   9  27  19   1
