 8          puzzle size (rows and columns)
 3   8      # border colours  # inside colours
Top Rgt Bot Lft
 0  2  2  0
 0  1  1  0
 0  3  1  0
 0  3  2  0
 0  1  5  3
 0  2  4  1
 0  2  7  3
 0  1 10  3
 0  2 11  1
 0  2  4  3
 0  3  5  1
 0  1  6  3
 0  3 10  2
 0  2  6  1
 0  1  4  3
 0  3  8  2
 0  3 11  2
 0  2 11  2
 0  2  4  2
 0  1  5  2
 0  2  7  1
 0  1  9  1
 0  2  5  3
 0  3  9  2
 0  3  8  1
 0  1  7  3
 0  1  9  2
 0  3  7  3
 4  5  6  5
 4  8  9  8
 5  8  7  8
 7  6 10  4
 8  9  9  5
 9  4  7  6
 9  5  5  8
10 11  7  5
 9  4  8 11
 9 10  8  6
10  6  8 10
 6 10  8 10
10  5  5  6
 7  5 11  9
 6  6  9  8
10  5  6  4
 9  4  8  4
 8  7  6  4
10  7  7  5
 5  6 10  9
 7  4  4  7
 8  6 11 11
 5 10  8 10
10  7  9  6
11  5  4 11
 8  4 10 11
 7  8  7 11
 6 11 10  5
 6 10  9  6
 4 11 11  7
 7  6  8  9
 8 11  9  7
 9  6  7  5
11  7 10  5
11 11 11  4
 8  4  9  6
2x2 solution sets
  0 0 3 0   4  28   9  55
  0 1 0 1  15   2  29  11
  3 0 3 2   5  36   3  26
  0 1 2 2  64   6  24   1
  0 0 0 0  10  20  30  31
  0 0 0 0  14  13  43  41
  0 1 0 1  40   8  46  21
  0 1 0 1  56  17  39  12
  0 0 2 2  37  63  16  18
  0 0 2 2  53  61  19   7
  3 0 3 0  27  59  23  33
  3 0 3 0  25  35  22  48
  0 0 0 0  34  32  42  47 *
  0 0 0 0  38  51  60  54 *
  0 0 0 0  62  49  52  58 *
  0 0 0 0  45  44  50  57 *
One single tile solution to this puzzle - there may be more
   4  28  10  20  14  13  15   2
   9  55  30  31  43  41  29  11
  27  59  34  32  38  51  40   8
  23  33  42  47  60  54  46  21
  25  35  62  49  45  44  56  17
  22  48  52  58  50  57  39  12
   5  36  37  63  53  61  64   6
   3  26  16  18  19   7  24   1
