 6          puzzle size (rows and columns)
 3   6      # border colours  # inside colours
Top Rgt Bot Lft
 0  3  1  0
 0  1  3  0
 0  2  3  0
 0  2  1  0
 0  2  8  2
 0  3  8  2
 0  2  6  3
 0  1  8  3
 0  1  6  2
 0  1  9  3
 0  3  4  1
 0  2  7  1
 0  1  9  1
 0  2  6  2
 0  3  7  2
 0  3  6  2
 0  3  5  1
 0  2  8  3
 0  3  7  3
 0  1  9  2
 6  5  5  4
 5  8  8  8
 6  4  9  7
 4  5  5  5
 5  7  6  9
 7  8  6  9
 5  7  5  4
 7  4  8  7
 7  4  7  7
 6  9  9  4
 8  7  6  9
 8  9  6  8
 6  4  8  6
 5  4  7  9
 5  6  5  4
 8  9  5  4
2x2 solution sets
  0 0 3 0   1   8  20  31
  0 1 0 1  11   2  24  17
  3 0 3 2  15  23   4  13
  0 1 2 2  22   6   5   3
  0 0 0 0  12   9  28  21
  0 1 0 1  27  19  35   7
  0 0 2 2  30  26  10  16
  3 0 3 0  14  33  18  32
  0 0 0 0  36  34  25  29 *
One single tile solution to this puzzle - there may be more
   1   8  12   9  11   2
  20  31  28  21  24  17
  14  33  36  34  27  19
  18  32  25  29  35   7
  15  23  30  26  22   6
   4  13  10  16   5   3
