 8          puzzle size (rows and columns)
 3   8      # border colours  # inside colours
Top Rgt Bot Lft
 0  1  3  0
 0  2  1  0
 0  3  2  0
 0  2  3  0
 0  2  6  1
 0  1  9  1
 0  1  9  2
 0  1 10  2
 0  2 10  3
 0  3  7  3
 0  2 10  1
 0  2  7  2
 0  3  4  3
 0  2  8  2
 0  3 11  2
 0  1  8  1
 0  2  4  2
 0  1  4  3
 0  3  8  2
 0  2  5  1
 0  2  4  3
 0  1  4  1
 0  1  9  3
 0  3  9  2
 0  3  5  1
 0  3  6  2
 0  3  8  3
 0  1 10  1
10  8  9  8
 6 11  4  5
 9  8  6  8
 7  4  5  7
 7  7  7  8
11  5  7  8
 6 11  6  5
 7  6 10 11
 5  5  4 10
 4  7  7  6
 7  6 10  9
 9  9  9  5
 4 10  6  4
 9  7  4 11
 9  8  7 11
 8 11  8  4
 9 10  5  8
 7 11  8  9
 5  9  7  7
 4 11  8  9
 5 10  6 11
 5  6 10 10
 6  6  5 11
10 11  4 11
 4  7  5 10
 5  4  8  5
 5 10  6  6
 8 11  9  6
10  8  7 11
 9  6  6  8
 5 11  5  7
 6  8  4 11
 7  5  4  9
 6  9  4  7
10 10  5  8
 6 11 11 10
2x2 solution sets
  0 0 3 0   1   6  27  31
  0 1 0 1  10   4  39  26
  3 0 3 2  23  46   3  14
  0 1 2 2  54  18  19   2
  0 0 0 0  11   7  29  45
  0 0 0 0  20  24  37  40
  0 1 0 1  63   9  55   8
  0 1 0 1  51   5  59  15
  0 0 2 2  60  33  17  12
  0 0 2 2  62  61  21  13
  3 0 3 0  25  30  22  41
  3 0 3 0  28  64  16  34
  0 0 0 0  42  47  53  32 *
  0 0 0 0  48  43  44  36 *
  0 0 0 0  49  50  35  57 *
  0 0 0 0  56  52  58  38 *
One single tile solution to this puzzle - there may be more
   1   6  11   7  20  24  10   4
  27  31  29  45  37  40  39  26
  25  30  42  47  48  43  63   9
  22  41  53  32  44  36  55   8
  28  64  49  50  56  52  51   5
  16  34  35  57  58  38  59  15
  23  46  60  33  62  61  54  18
   3  14  17  12  21  13  19   2
