 8          puzzle size (rows and columns)
 3   8      # border colours  # inside colours
Top Rgt Bot Lft
 0  3  2  0
 0  2  2  0
 0  1  2  0
 0  2  3  0
 0  3 11  2
 0  3  4  1
 0  1  6  1
 0  2 11  2
 0  2 11  1
 0  1 10  1
 0  1  9  1
 0  2  9  1
 0  3  6  3
 0  1  7  3
 0  2  8  1
 0  1  9  3
 0  3  5  3
 0  3  4  2
 0  3  5  1
 0  1 11  3
 0  2  4  1
 0  1 11  2
 0  2 10  3
 0  2  6  2
 0  1  4  3
 0  2  9  3
 0  3  7  2
 0  3  5  2
10  5  5  4
 7  4  8  7
 9  9  9  5
 8  5 10  5
 4  7  9  6
 5 10  7  4
 9  7 10  8
11  6  7  9
 8 10  5  8
 7  5  6  4
11  7  9  9
 7 11  6 11
10  6  5 11
 6 11  5  9
11 11  4  4
 6  8  7  4
 9  8  6  8
 7  6  9  7
 6 10  4  8
 8  4  8 10
 5  6 11  7
 6 10  6  7
 6  7  6  6
 9 10 10 10
 7  8 10  6
 4  4 11 10
10  5 11  8
 9  8  8  5
 7  6  7 10
11  8 11 10
10  8  7  8
 5  4  9  5
11  8  9  6
 5  9  5  8
 7  4  5  4
 5  8 11  4
2x2 solution sets
  0 0 3 0   3   9  12  39
  0 1 0 1  24   1  50  23
  3 0 3 2  22  40   4  13
  0 1 2 2  43   8  18   2
  0 0 0 0  27  17  30  34
  0 0 0 0  14  21  57  33
  0 1 0 1  42   5  62  16
  0 1 0 1  49   7  58  15
  0 0 2 2  41  61  28  26
  0 0 2 2  37  54  19  20
  3 0 3 0  10  52  25  29
  3 0 3 0   6  64  11  36
  0 0 0 0  48  63  32  60 *
  0 0 0 0  38  31  44  45 *
  0 0 0 0  59  35  53  55 *
  0 0 0 0  46  51  56  47 *
One single tile solution to this puzzle - there may be more
   3   9  27  17  14  21  24   1
  12  39  30  34  57  33  50  23
  10  52  48  63  38  31  42   5
  25  29  32  60  44  45  62  16
   6  64  59  35  46  51  49   7
  11  36  53  55  56  47  58  15
  22  40  41  61  37  54  43   8
   4  13  28  26  19  20  18   2
