 6          puzzle size (rows and columns)
 3   6      # border colours  # inside colours
Top Rgt Bot Lft
 0  3  3  0
 0  2  2  0
 0  1  2  0
 0  2  1  0
 0  2  9  1
 0  1  7  3
 0  3  4  3
 0  2  4  2
 0  3  6  1
 0  2  6  3
 0  3  6  3
 0  2  7  2
 0  2  7  3
 0  1  4  3
 0  1  8  1
 0  3  9  2
 0  3  9  1
 0  3  7  1
 0  1  8  2
 0  1  6  2
 5  4  9  6
 8  4  7  4
 5  8  6  4
 8  9  8  8
 8  7  5  7
 7  6  9  5
 9  6  4  9
 5  4  7  8
 6  5  7  6
 5  4  8  9
 6  7  5  5
 7  9  5  5
 9  5  9  4
 4  5  8  7
 6  8  6  6
 8  7  5  8
2x2 solution sets
  0 0 3 0   4  19  15  24
  0 1 0 1  10   3  31  18
  3 0 3 2  14  33   1  16
  0 1 2 2  28   8  12   2
  0 0 0 0  17  11  27  29
  0 1 0 1  30   7  36  13
  0 0 2 2  26  35   5  20
  3 0 3 0   6  25   9  21
  0 0 0 0  34  32  22  23 *
One single tile solution to this puzzle - there may be more
   4  19  17  11  10   3
  15  24  27  29  31  18
   6  25  34  32  30   7
   9  21  22  23  36  13
  14  33  26  35  28   8
   1  16   5  20  12   2
