 7          puzzle size (rows and columns)
 3   6      # border colours  # inside colours
Top Rgt Bot Lft
 0  1  2  0
 0  1  1  0
 0  3  2  0
 0  1  3  0
 0  2  6  3
 0  1  7  2
 0  2  9  2
 0  2  7  3
 0  3  9  2
 0  2  4  1
 0  3  7  3
 0  2  6  2
 0  2  9  1
 0  2  8  3
 0  1  5  3
 0  3  5  1
 0  1  8  3
 0  3  8  1
 0  1  7  1
 0  3  6  1
 0  2  5  2
 0  3  7  2
 0  3  6  3
 0  1  9  1
 6  5  6  6
 4  4  7  6
 4  6  5  9
 9  6  4  5
 6  6  7  6
 4  5  8  9
 5  6  5  8
 6  9  7  5
 6  9  4  7
 4  8  8  7
 8  8  8  4
 4  9  5  6
 4  5  4  9
 4  7  4  8
 7  7  5  9
 5  5  4  9
 4  8  4  5
 8  9  8  5
 5  9  6  7
 9  7  8  5
 8  8  8  9
 8  9  4  6
 8  9  4  7
 4  7  9  7
 5  7  7  6
2x2 solution sets
  0 0 3 0   3   5  12  25
  0 1 0 1  10   1  41  18
  3 0 3 2  20  29   4  11
  0 1 2 2  49   6  19   2
  0 0 0 0   9  23  44  33
  0 1 0 1  34  17  46  24
  0 0 2 2  26  35  22  14
  3 0 3 0  21  32   7  39
  0 0 0 0  45  38  47  30 *
One single tile solution to this puzzle - there may be more
   3   5   9  23  15  10   1
  12  25  44  33  40  41  18
  21  32  45  38  48  34  17
   7  39  47  30  28  46  24
   8  43  37  42  27  36  13
  20  29  26  35  31  49   6
   4  11  22  14  16  19   2
