 7          puzzle size (rows and columns)
 3   6      # border colours  # inside colours
Top Rgt Bot Lft
 0  3  1  0
 0  3  2  0
 0  2  1  0
 0  2  2  0
 0  1  4  3
 0  1  8  2
 0  2  5  1
 0  2  7  3
 0  1  9  1
 0  2  6  3
 0  2  7  1
 0  3  4  2
 0  3  9  3
 0  3  5  3
 0  1  5  2
 0  1  6  2
 0  3  8  3
 0  3  7  2
 0  1  4  1
 0  1  9  3
 0  1  5  1
 0  3  6  1
 0  2  9  3
 0  2  9  2
 8  9  5  4
 7  9  8  6
 9  8  5  7
 6  4  9  8
 9  6  7  4
 7  9  7  7
 8  4  6  6
 5  8  6  4
 5  4  6  5
 6  9  8  7
 8  4  5  4
 6  4  9  9
 5  9  9  6
 5  8  8  4
 8  7  6  4
 9  6  5  4
 7  6  8  9
 5  7  8  9
 6  4  6  5
 4  5  7  7
 7  5  7  8
 7  7  8  5
 5  4  5  8
 8  6  4  4
 6  9  7  8
2x2 solution sets
  0 0 3 0   2   5  11  44
  0 1 0 1   9   1  29  10
  3 0 3 2  12  48   3  19
  0 1 2 2  25  23  15   4
  0 0 0 0  21   7  33  38
  0 1 0 1  26  24  39  18
  0 0 2 2  37  41  20  17
  3 0 3 0   6  45   8  30
  0 0 0 0  43  35  36  32 *
One single tile solution to this puzzle - there may be more
   2   5  21   7  16   9   1
  11  44  33  38  28  29  10
   6  45  43  35  40  26  24
   8  30  36  32  47  39  18
  14  46  27  49  42  34  13
  12  48  37  41  31  25  23
   3  19  20  17  22  15   4
