 9          puzzle size (rows and columns)
 3   8      # border colours  # inside colours
Top Rgt Bot Lft
 0  2  1  0
 0  1  2  0
 0  2  2  0
 0  1  1  0
 0  2  6  3
 0  2  8  2
 0  3 10  3
 0  1  5  2
 0  1  7  3
 0  2  9  2
 0  1  9  1
 0  2  7  1
 0  3  8  1
 0  3  7  1
 0  2  8  3
 0  2 11  3
 0  3  8  3
 0  1  9  3
 0  3  5  2
 0  1  5  1
 0  1 10  3
 0  3  6  2
 0  3  5  3
 0  2  6  2
 0  2 11  1
 0  3  7  3
 0  1  8  3
 0  3  7  2
 0  2  9  1
 0  3  4  1
 0  1 11  2
 0  3 11  2
 6  6 10  9
 9 10  5  5
 8  6 10  7
 4 11 10  5
11  6  7  5
11  7  6  6
 8 11  4  6
 8 11  8  5
 9 10  5 11
 4  4  9  5
 4  6  7  6
 9 11 11  7
 5  6  4  8
 9  5  5  8
 5  8 10  9
 4 10 11 10
 4  6 11 10
 4  5  8 10
 8 10  6  6
 8  7 11 10
 8  7  4 10
 9  7  8  8
10 10  4  7
 9  7  4  5
 7  4  8  6
11  7  7 11
 6  6  7  9
 4 11 10  7
 9  5  9  9
10  5  5 11
 8  4 10  4
10  8  4  9
10  6  6  7
 7 11  4  7
 7  9  5  8
10  6  6  5
 4  9 10 11
10 11  4  4
11  9  9  8
 9  8  4 11
 4  9  9  4
 8 11  7  6
 5 10 10 11
10  5 11  6
 5  9  8  4
 9  8 11  5
 6  7  9  8
 4  5  6  5
 7  7  4  6
2x2 solution sets
  0 0 3 0   4  11  27  54
  0 1 0 1   6   2  53  14
  3 0 3 2  19  37   3  12
  0 1 2 2  38   9  22   1
  0 0 0 0  13  17  35  39
  0 0 0 0  18  29  72  46
  0 1 0 1  43   5  81  28
  0 1 0 1  60  16  70  32
  0 0 2 2  76  80  31  24
  0 0 2 2  78  67  25  20
  3 0 3 0  23  40  30  63
  3 0 3 0   8  68  15  79
  0 0 0 0  62  42  77  61 *
  0 0 0 0  73  47  56  55 *
  0 0 0 0  74  41  66  75 *
  0 0 0 0  50  36  52  65 *
One single tile solution to this puzzle - there may be more
   4  11  13  17  18  29  10   6   2
  27  54  35  39  72  46  34  53  14
  23  40  62  42  73  47  45  43   5
  30  63  77  61  56  55  49  81  28
   8  68  74  41  50  36  58  60  16
  15  79  66  75  52  65  57  70  32
  26  44  69  64  71  59  51  48   7
  19  37  76  80  78  67  33  38   9
   3  12  31  24  25  20  21  22   1
