 7          puzzle size (rows and columns)
 3   6      # border colours  # inside colours
Top Rgt Bot Lft
 0  1  2  0
 0  1  3  0
 0  2  3  0
 0  3  1  0
 0  2  7  1
 0  2  6  2
 0  1  4  3
 0  2  8  3
 0  1  9  1
 0  1  9  2
 0  2  4  3
 0  1  8  2
 0  3  4  1
 0  3  7  2
 0  1  6  2
 0  2  9  3
 0  2  5  1
 0  3  5  3
 0  3  7  3
 0  2  8  1
 0  1  5  2
 0  3  6  2
 0  3  8  1
 0  3  9  1
 5  7  7  7
 5  5  7  4
 6  8  4  9
 9  9  8  6
 7  4  6  5
 4  4  6  9
 4  8  4  5
 4  9  5  6
 8  5  8  9
 8  9  4  9
 6  6  4  9
 4  6  4  8
 4  4  5  7
 4  8  6  6
 7  6  6  8
 7  7  5  9
 7  7  9  9
 7  7  8  8
 8  8  7  5
 6  7  6  4
 5  6  6  8
 5  5  9  7
 4  9  7  8
 6  5  5  9
 5  9  8  5
2x2 solution sets
  0 0 3 0   2  13  24  30
  0 1 0 1  21   4  25  19
  3 0 3 2  23  45   1   6
  0 1 2 2  44  14  15   3
  0 0 0 0  18   7  26  31
  0 1 0 1  29  11  35  22
  0 0 2 2  28  41  20  10
  3 0 3 0   9  27  12  47
  0 0 0 0  39  32  48  49 *
One single tile solution to this puzzle - there may be more
   2  13  18   7   5  21   4
  24  30  26  31  42  25  19
   9  27  39  32  33  29  11
  12  47  48  49  34  35  22
  16  40  46  43  36  38   8
  23  45  28  41  37  44  14
   1   6  20  10  17  15   3
