 7          puzzle size (rows and columns)
 3   6      # border colours  # inside colours
Top Rgt Bot Lft
 0  3  3  0
 0  1  2  0
 0  1  3  0
 0  3  2  0
 0  2  4  1
 0  3  4  1
 0  1  9  1
 0  2  9  1
 0  1  5  2
 0  3  7  2
 0  3  5  3
 0  3  5  2
 0  3  7  3
 0  3  8  1
 0  2  4  2
 0  2  5  3
 0  2  5  1
 0  1  6  2
 0  2  6  3
 0  1  6  3
 0  1  9  2
 0  2  7  3
 0  1  5  1
 0  2  6  1
 6  6  9  4
 4  4  8  7
 5  8  8  6
 9  6  5  5
 8  7  6  4
 4  7  7  9
 9  9  4  5
 7  6  8  8
 8  7  9  8
 8  7  9  6
 8  9  9  7
 4  5  4  6
 9  4  6  5
 6  7  8  5
 7  8  7  4
 5  5  9  7
 4  4  4  7
 6  7  4  8
 9  7  5  6
 5  8  9  9
 9  8  8  4
 4  6  8  6
 8  9  5  7
 7  6  6  5
 8  4  9  5
2x2 solution sets
  0 0 3 0   1  13   6  39
  0 1 0 1  17   2  27  14
  3 0 3 2  11  37   4  24
  0 1 2 2  33  10   7   3
  0 0 0 0  19  15  42  41
  0 1 0 1  34  22  31  21
  0 0 2 2  29  47  20  12
  3 0 3 0  23  48   9  38
  0 0 0 0  46  36  35  30 *
One single tile solution to this puzzle - there may be more
   1  13  19  15  18  17   2
   6  39  42  41  25  27  14
  23  48  46  36  28  34  22
   9  38  35  30  40  31  21
  16  49  45  32  43  26   5
  11  37  29  47  44  33  10
   4  24  20  12   8   7   3
