 6          puzzle size (rows and columns)
 3   6      # border colours  # inside colours
Top Rgt Bot Lft
 0  2  1  0
 0  1  1  0
 0  1  2  0
 0  3  3  0
 0  2  8  2
 0  1  6  3
 0  1  7  3
 0  2  6  3
 0  1  8  1
 0  3  5  2
 0  2  4  2
 0  2  5  1
 0  3  7  2
 0  1  4  2
 0  3  5  1
 0  2  7  2
 0  3  7  3
 0  3  8  3
 0  3  6  1
 0  2  9  3
 7  4  6  9
 6  4  6  5
 8  8  5  9
 7  5  4  6
 9  4  5  5
 7  7  7  9
 6  9  8  5
 5  6  9  6
 4  8  7  6
 4  6  8  7
 8  5  9  7
 5  4  8  4
 9  6  7  5
 6  9  8  8
 8  9  7  4
 8  9  5  4
2x2 solution sets
  0 0 3 0   4  18  17  31
  0 1 0 1  11   3  30  19
  3 0 3 2  10  33   1   7
  0 1 2 2  23   9  12   2
  0 0 0 0   8  16  27  26
  0 1 0 1  36  20  32  14
  0 0 2 2  29  34  13   5
  3 0 3 0  15  25   6  28
  0 0 0 0  35  21  24  22 *
One single tile solution to this puzzle - there may be more
   4  18   8  16  11   3
  17  31  27  26  30  19
  15  25  35  21  36  20
   6  28  24  22  32  14
  10  33  29  34  23   9
   1   7  13   5  12   2
