 6          puzzle size (rows and columns)
 3   6      # border colours  # inside colours
Top Rgt Bot Lft
 0  3  2  0
 0  1  2  0
 0  1  1  0
 0  2  3  0
 0  3  9  1
 0  1  9  3
 0  3  9  2
 0  2  8  3
 0  2  7  3
 0  3  7  3
 0  2  5  2
 0  2  8  1
 0  3  6  1
 0  1  6  2
 0  3  5  3
 0  2  6  3
 0  1  5  2
 0  2  4  1
 0  1  5  1
 0  3  6  2
 6  4  7  8
 6  5  5  4
 4  8  5  8
 5  5  9  8
 7  6  7  8
 8  5  7  8
 7  4  6  6
 8  8  8  9
 9  9  9  5
 7  8  9  5
 6  7  4  4
 9  6  6  4
 4  4  4  6
 9  9  7  7
 5  5  7  6
 7  8  7  4
2x2 solution sets
  0 0 3 0   2  13  18  31
  0 1 0 1  17   3  24  19
  3 0 3 2  20  35   4  10
  0 1 2 2  22  11  15   1
  0 0 0 0   6  12  34  28
  0 1 0 1  29   5  32  16
  0 0 2 2  30  21   7   9
  3 0 3 0  14  33   8  23
  0 0 0 0  36  26  25  27 *
One single tile solution to this puzzle - there may be more
   2  13   6  12  17   3
  18  31  34  28  24  19
  14  33  36  26  29   5
   8  23  25  27  32  16
  20  35  30  21  22  11
   4  10   7   9  15   1
