 7          puzzle size (rows and columns)
 3   6      # border colours  # inside colours
Top Rgt Bot Lft
 0  3  1  0
 0  1  3  0
 0  2  3  0
 0  3  2  0
 0  3  7  3
 0  3  6  2
 0  1  4  2
 0  1  9  1
 0  1  7  1
 0  3  8  1
 0  3  4  2
 0  3  4  3
 0  2  7  2
 0  2  4  2
 0  3  5  1
 0  2  5  1
 0  2  7  3
 0  2  8  3
 0  1  9  3
 0  1  5  3
 0  2  7  1
 0  1  8  2
 0  1  6  1
 0  2  6  2
 5  9  5  5
 6  6  5  5
 5  5  8  7
 4  8  9  8
 7  7  4  9
 8  8  5  9
 5  8  7  8
 5  6  4  6
 4  9  9  6
 6  7  6  5
 8  5  8  6
 4  6  7  7
 9  6  6  7
 9  8  6  8
 4  8  9  9
 7  4  9  6
 8  5  9  6
 9  4  4  9
 4  9  9  7
 5  9  4  8
 4  7  5  4
 8  5  6  4
 6  7  7  5
 6  8  8  4
 9  7  4  7
2x2 solution sets
  0 0 3 0   4   5  24  40
  0 1 0 1  10   2  41  16
  3 0 3 2  14  46   3   6
  0 1 2 2  39  22  19   1
  0 0 0 0  12  20  45  27
  0 1 0 1  42  11  28  18
  0 0 2 2  47  36  21   9
  3 0 3 0  17  37  15  34
  0 0 0 0  32  35  43  30 *
One single tile solution to this puzzle - there may be more
   4   5  12  20  23  10   2
  24  40  45  27  26  41  16
  17  37  32  35  25  42  11
  15  34  43  30  31  28  18
   7  48  38  44  29  49  13
  14  46  47  36  33  39  22
   3   6  21   9   8  19   1
