 9          puzzle size (rows and columns)
 3   8      # border colours  # inside colours
Top Rgt Bot Lft
 0  1  1  0
 0  2  3  0
 0  3  2  0
 0  1  3  0
 0  1 10  3
 0  3 11  2
 0  1 11  2
 0  2  8  1
 0  2  7  2
 0  2  4  2
 0  3  9  2
 0  3  7  1
 0  3  7  2
 0  2  7  1
 0  1  6  2
 0  2  6  3
 0  2 11  2
 0  1 11  3
 0  3  9  1
 0  2  5  3
 0  1  6  1
 0  1  7  2
 0  3  8  3
 0  3  6  2
 0  1  4  3
 0  3  8  1
 0  2  5  1
 0  2  8  3
 0  1  5  3
 0  3 10  1
 0  3 11  1
 0  2  4  3
10  6  7 10
 6 10  8 11
 4  5  8  8
 4  4  5  6
 9 11  6 10
10  4  6  8
 8  5  8  6
10 10  4  6
 4 10 10  9
 7  4  6  6
 6 11 10  4
10  8 11  5
 9  5  8 11
 7  5  4 11
11  7  8 11
11  5  9  7
 7  9  8  4
 8  4 11  5
10  8  9  9
10 11  7  7
 5  5  9  5
 8 11  9  4
 9 11 11  7
 9  4  7  4
 8  4  4  4
 7  9 10  7
 8  4  5  5
 7  9  4  6
 6 11  4  9
10  6  7 11
 8  5  6  9
 8  4  8  9
 7  5  7 10
 7  8  6 11
 4  6  9  6
 9  9  9  8
 9  5  7 10
 4 11 10  8
11  7  5  5
11  7  9  4
 8  6 10 11
 5 11 10  9
 6  9  7  5
 5 10  8  4
 6  7 10  6
11  6  9  5
 9  6  7  5
10  6 10  5
10  5  8 10
2x2 solution sets
  0 0 3 0   2  22  13  58
  0 1 0 1  18   1  71  12
  3 0 3 2   5  33   3   9
  0 1 2 2  62  24  14   4
  0 0 0 0  30  25  51  35
  0 0 0 0   8   7  59  72
  0 1 0 1  53  20  79  15
  0 1 0 1  46  27  36  10
  0 0 2 2  60  64  32  23
  0 0 2 2  54  47  11  28
  3 0 3 0  16  40  19  41
  3 0 3 0  29  80  26  38
  0 0 0 0  69  50  65  78 *
  0 0 0 0  76  37  39  75 *
  0 0 0 0  42  56  43  66 *
  0 0 0 0  57  49  70  73 *
One single tile solution to this puzzle - there may be more
   2  22  30  25   8   7  31  18   1
  13  58  51  35  59  72  48  71  12
  16  40  69  50  76  37  45  53  20
  19  41  65  78  39  75  63  79  15
  29  80  42  56  57  49  61  46  27
  26  38  43  66  70  73  67  36  10
  21  77  52  34  81  44  68  74  17
   5  33  60  64  54  47  55  62  24
   3   9  32  23  11  28   6  14   4
