 8          puzzle size (rows and columns)
 3   8      # border colours  # inside colours
Top Rgt Bot Lft
 0  2  3  0
 0  3  2  0
 0  1  1  0
 0  1  3  0
 0  2  9  2
 0  3  7  3
 0  2  5  1
 0  2 10  1
 0  2  6  1
 0  1  4  1
 0  1  8  2
 0  3  6  2
 0  2  6  3
 0  1  7  2
 0  1 10  1
 0  3  5  2
 0  1 11  2
 0  2 11  2
 0  3 10  1
 0  3 10  3
 0  3  8  2
 0  3  9  3
 0  1  6  3
 0  2  7  2
 0  1  9  1
 0  2  9  3
 0  2  5  3
 0  3  6  1
 7  8 10 10
 4  5 11  8
11  4  8  7
 4  7  8  9
 4  6  8  8
11  9  4  6
 4  4 11  7
 8  8  7  9
10  6  6  5
 5  8  7 11
10  8 10  7
 9  5  7  7
 9  4  8  7
 4 10 10  6
10  6 10  9
 7  5 11  4
10  5 11 10
 6  7  6  4
11  5  6  5
 9  5  5  4
 8 11  8  8
 8 10 11  9
10  8  8  6
10  7  4  5
 8  6  5  6
11  7  9  5
 5  4  4  6
 6  9  4  7
 5  9 11 11
 8  6 11  8
11  7  5  6
 7  7  4  9
11  7  6  5
 9  9 10  9
11 11  9  4
 4  5  5 10
2x2 solution sets
  0 0 3 0   1   5  22  62
  0 1 0 1  10   3  42   8
  3 0 3 2  23  59   2  27
  0 1 2 2  47  16   9   4
  0 0 0 0  24  17  60  31
  0 0 0 0  25  15  48  37
  0 1 0 1  39  21  43  13
  0 1 0 1  52  14  30   7
  0 0 2 2  40  61   6  28
  0 0 2 2  41  44  11  18
  3 0 3 0  12  51  26  36
  3 0 3 0  20  29  19  45
  0 0 0 0  33  53  49  57 *
  0 0 0 0  55  46  32  56 *
  0 0 0 0  58  34  54  35 *
  0 0 0 0  50  64  63  38 *
One single tile solution to this puzzle - there may be more
   1   5  24  17  25  15  10   3
  22  62  60  31  48  37  42   8
  12  51  33  53  55  46  39  21
  26  36  49  57  32  56  43  13
  20  29  58  34  50  64  52  14
  19  45  54  35  63  38  30   7
  23  59  40  61  41  44  47  16
   2  27   6  28  11  18   9   4
