 7          puzzle size (rows and columns)
 3   6      # border colours  # inside colours
Top Rgt Bot Lft
 0  3  1  0
 0  1  2  0
 0  2  2  0
 0  2  1  0
 0  2  8  1
 0  3  5  1
 0  1  4  2
 0  2  5  2
 0  1  9  3
 0  3  4  2
 0  1  5  3
 0  1  4  1
 0  2  7  1
 0  3  8  2
 0  3  7  3
 0  1  4  3
 0  2  8  3
 0  1  7  1
 0  3  7  1
 0  3  6  3
 0  1  5  2
 0  2  6  2
 0  2  9  3
 0  3  9  3
 7  9  9  6
 6  9  6  4
 7  4  7  5
 5  8  4  6
 8  4  5  5
 6  8  6  9
 8  6  7  9
 4  7  4  6
 6  4  4  4
 5  8  4  8
 5  6  6  7
 9  5  7  8
 5  5  5  8
 4  4  5  9
 7  8  7  6
 6  9  8  8
 4  6  9  5
 7  8  7  4
 7  5  6  7
 9  5  8  9
 9  6  7  5
 6  9  9  4
 8  9  8  4
 6  7  9  5
 9  8  7  8
2x2 solution sets
  0 0 3 0   4  14  16  47
  0 1 0 1  22   2  48  19
  3 0 3 2  21  45   3  13
  0 1 2 2  25   9  24   1
  0 0 0 0  20  23  30  49
  0 1 0 1  36  11  39   5
  0 0 2 2  28  40   7  17
  3 0 3 0   6  29  18  35
  0 0 0 0  33  42  32  43 *
One single tile solution to this puzzle - there may be more
   4  14  20  23   8  22   2
  16  47  30  49  37  48  19
   6  29  33  42  34  36  11
  18  35  32  43  41  39   5
  12  46  38  26  44  27  10
  21  45  28  40  31  25   9
   3  13   7  17  15  24   1
