 9          puzzle size (rows and columns)
 3   8      # border colours  # inside colours
Top Rgt Bot Lft
 0  3  3  0
 0  2  1  0
 0  3  2  0
 0  1  2  0
 0  3 11  1
 0  3 11  3
 0  2 10  3
 0  3  6  2
 0  1  8  3
 0  3  6  3
 0  1  8  1
 0  2  5  1
 0  2  9  2
 0  3  7  2
 0  1 10  3
 0  1  7  3
 0  2 10  1
 0  1  5  1
 0  2 11  3
 0  2  6  3
 0  2  8  2
 0  1 11  1
 0  3  8  1
 0  1 10  2
 0  3  4  2
 0  3  4  1
 0  1  9  3
 0  1  7  2
 0  2  8  3
 0  2  4  2
 0  2  5  2
 0  3  9  1
 6 11  7 10
 7  6 11  9
11 10  5  8
 7  4 10 10
 6  7  4  4
11  4  4 11
 6  9  8  7
 9  4 10  9
 8  8  5  9
 9 11  7 11
 7  4  9  6
 9  6 11  6
 9  9  8  4
 4  5  5  9
10 10 11 10
 8  8  9 10
 5  4  8  9
11 11  8  6
 7  8  8  6
 7  9  6  4
10  8  9  8
11  6 10  9
 7  4  5 10
 8  5 10  7
11  9  8  9
 6 10  7  8
 5 10  7  5
 6  9 10  4
11  6  5  4
 8  8  8  5
11  9  7  4
10 10  7  5
 5  9  4  4
 8 11  4  4
11  4  6  7
 7 11 11  5
 4  4  6  5
 8  7  9  6
11  5 11  6
 8  6  7  5
 5  5  7  9
 4  6  6  5
 7  9  6 11
10 10  7  7
 6  4  4 10
 5  7 10  8
 6  5 11 10
10  5  6  5
 7  5  9 11
2x2 solution sets
  0 0 3 0   4  22  20  71
  0 1 0 1  29   3  66   6
  3 0 3 2   7  77   1  25
  0 1 2 2  81  18  13   2
  0 0 0 0  23  19  62  35
  0 0 0 0   8  16  79  68
  0 1 0 1  74  10  60  27
  0 1 0 1  53  11  40  26
  0 0 2 2  37  39  30  21
  0 0 2 2  54  50  17   9
  3 0 3 0  32  57  28  56
  3 0 3 0  12  64  24  36
  0 0 0 0  41  78  59  47 *
  0 0 0 0  67  63  33  75 *
  0 0 0 0  55  61  65  73 *
  0 0 0 0  51  58  72  43 *
One single tile solution to this puzzle - there may be more
   4  22  23  19   8  16   5  29   3
  20  71  62  35  79  68  38  66   6
  32  57  41  78  67  63  46  74  10
  28  56  59  47  33  75  49  60  27
  12  64  55  61  51  58  48  53  11
  24  36  65  73  72  43  45  40  26
  31  80  69  52  34  44  70  76  15
   7  77  37  39  54  50  42  81  18
   1  25  30  21  17   9  14  13   2
