 8          puzzle size (rows and columns)
 3   8      # border colours  # inside colours
Top Rgt Bot Lft
 0  1  3  0
 0  3  1  0
 0  2  3  0
 0  3  2  0
 0  1 10  1
 0  3  4  3
 0  1  4  3
 0  2 11  1
 0  2  8  2
 0  2 10  3
 0  2 10  2
 0  3  5  2
 0  2  6  2
 0  2  7  2
 0  2  6  3
 0  1 11  1
 0  2  4  1
 0  1  9  3
 0  3 11  2
 0  1  5  1
 0  1  6  1
 0  3  7  1
 0  3 10  3
 0  2  8  3
 0  3  8  2
 0  1  9  1
 0  1 11  2
 0  3  6  2
 7 11  5  9
 8 10  8  5
 6  6  4 10
 7 10  4  5
 4  8 10  7
11  5  5 11
 9  6  7 11
10  6  8  6
 5 11  6  4
10  4  9  5
11  9  4  5
10  5  9  9
11  5 10  6
 9  9 11  5
 9  9 10  6
 5 11  6  8
 9  7 10  5
 8  8  4  7
 8  9  6  7
 7 11  4 11
 8  6  4 11
10  5  5 11
 5  9  9  8
 6  8  7  9
 4  8  9  4
11  8  7  8
10  7  7  8
 7  5  8  5
 4  8 10  6
 4  4  7  7
 7  7 11  6
 6  5  7  9
 4  6  9  8
10  7  6  6
 4 11 10  4
 5  7 10  8
2x2 solution sets
  0 0 3 0   4   7  24  61
  0 1 0 1  25   3  30  11
  3 0 3 2  21  62   1  28
  0 1 2 2  51  26  18   2
  0 0 0 0  16   5  41  38
  0 0 0 0  20   8  37  34
  0 1 0 1  49  13  57   9
  0 1 0 1  55  14  29  27
  0 0 2 2  33  64  10  23
  0 0 2 2  46  54   6  22
  3 0 3 0  19  35  15  59
  3 0 3 0  12  39  17  63
  0 0 0 0  36  43  47  40 *
  0 0 0 0  52  44  32  31 *
  0 0 0 0  60  45  48  50 *
  0 0 0 0  58  53  56  42 *
One single tile solution to this puzzle - there may be more
   4   7  16   5  20   8  25   3
  24  61  41  38  37  34  30  11
  19  35  36  43  52  44  49  13
  15  59  47  40  32  31  57   9
  12  39  60  45  58  53  55  14
  17  63  48  50  56  42  29  27
  21  62  33  64  46  54  51  26
   1  28  10  23   6  22  18   2
