 9          puzzle size (rows and columns)
 3   8      # border colours  # inside colours
Top Rgt Bot Lft
 0  1  2  0
 0  3  3  0
 0  3  1  0
 0  2  1  0
 0  1  4  1
 0  1  6  1
 0  2  7  1
 0  3  4  3
 0  2  7  2
 0  3  9  3
 0  1  7  3
 0  2 10  2
 0  3 11  2
 0  2  7  3
 0  3  5  3
 0  1  4  2
 0  1  5  3
 0  3  4  2
 0  2  6  2
 0  1 10  3
 0  2 11  3
 0  2  6  1
 0  3  6  2
 0  3 10  1
 0  1 10  2
 0  1  4  3
 0  2 10  3
 0  3  8  2
 0  2  5  2
 0  1  8  1
 0  2  4  1
 0  3 11  1
 4  5  4 11
 5  4  8  9
 4 10  6 11
 5  6  5  4
 5 11 11  5
 7  8  9  6
 8  7 11 10
10  9  7  7
 9  4 10  6
 5 11  4 10
 4 11 10  8
11  4  7 10
 7  7  9  6
 8  5  5  9
 7 10 10  8
 4  7 11  7
 8  5  7 11
11  6  9  9
11  8  5  6
10  5  8 10
 8  4  6 10
 7  8  7  4
 6 11  7 10
10  9  4  8
 8  9  7 11
 8  6  7  8
 5  9  8  6
11  5  8  5
 9  6  6  7
 4 11 10  5
 7  8  5  8
 6  6 11 11
 6  7 10  6
 9  9  9  5
 9  4 10 11
 8  4  7  9
10  9  5  4
 6  6  5  8
 9  8  6  6
 7 11  5 11
 7  4  8 11
 7  8  9  9
 9 10  4  6
 4 11  9  9
 5  9 11  5
10  9  5 11
10  6  8  4
 7 10  4  9
10  8  5  6
2x2 solution sets
  0 0 3 0   1   5  21  33
  0 1 0 1  24   2  56  10
  3 0 3 2  25  42   4  16
  0 1 2 2  36   6  15   3
  0 0 0 0  31  12  62  78
  0 0 0 0   9  28  80  53
  0 1 0 1  48  14  44  18
  0 1 0 1  73   8  68  26
  0 0 2 2  72  57  29   7
  0 0 2 2  46  37  17  32
  3 0 3 0  13  35  27  55
  3 0 3 0  23  38  19  41
  0 0 0 0  52  77  49  60 *
  0 0 0 0  76  64  66  50 *
  0 0 0 0  47  39  79  51 *
  0 0 0 0  61  71  70  65 *
One single tile solution to this puzzle - there may be more
   1   5  31  12   9  28  11  24   2
  21  33  62  78  80  53  54  56  10
  13  35  52  77  76  64  45  48  14
  27  55  49  60  66  50  75  44  18
  23  38  47  39  61  71  43  73   8
  19  41  79  51  70  65  40  68  26
  22  81  58  59  34  69  74  63  30
  25  42  72  57  46  37  67  36   6
   4  16  29   7  17  32  20  15   3
