 7          puzzle size (rows and columns)
 3   6      # border colours  # inside colours
Top Rgt Bot Lft
 0  1  2  0
 0  2  3  0
 0  2  2  0
 0  3  2  0
 0  2  4  2
 0  3  4  2
 0  2  5  3
 0  1  7  1
 0  2  9  3
 0  1  5  2
 0  3  6  3
 0  3  7  3
 0  2  7  2
 0  3  5  1
 0  3  8  1
 0  1  4  3
 0  2  8  1
 0  1  6  3
 0  1  9  1
 0  1  8  2
 0  1  6  1
 0  2  4  1
 0  3  9  1
 0  3  9  3
 6  6  5  7
 8  7  6  8
 5  8  7  6
 4  4  5  6
 5  9  8  9
 9  9  7  7
 7  8  9  8
 7  6  9  8
 4  4  9  7
 5  8  4  6
 6  6  7  4
 9  7  5  8
 8  6  4  6
 9  9  7  5
 8  4  4  9
 5  5  8  4
 8  6  6  5
 5  5  5  9
 4  5  6  5
 7  4  7  6
 7  6  5  9
 4  4  8  7
 5  7  9  8
 6  8  4  9
 9  7  8  4
2x2 solution sets
  0 0 3 0   1  17   7  41
  0 1 0 1   9   3  36  13
  3 0 3 2  20  26   2  11
  0 1 2 2  39   5  16   4
  0 0 0 0   6  18  28  35
  0 1 0 1  40  10  37  21
  0 0 2 2  33  49  24  15
  3 0 3 0  12  25  23  42
  0 0 0 0  34  32  43  38 *
One single tile solution to this puzzle - there may be more
   1  17   6  18  14   9   3
   7  41  28  35  27  36  13
  12  25  34  32  44  40  10
  23  42  43  38  45  37  21
  19  29  48  31  47  46  22
  20  26  33  49  30  39   5
   2  11  24  15   8  16   4
