 9          puzzle size (rows and columns)
 3   8      # border colours  # inside colours
Top Rgt Bot Lft
 0  3  3  0
 0  2  2  0
 0  3  1  0
 0  3  2  0
 0  3  8  1
 0  1  6  2
 0  2  8  1
 0  1 10  1
 0  2  6  3
 0  1 11  2
 0  2  4  1
 0  2  5  1
 0  2  6  2
 0  3  8  2
 0  2 10  2
 0  1  6  3
 0  1  8  3
 0  1  5  2
 0  1 11  3
 0  1  8  1
 0  3 10  2
 0  3  6  3
 0  2  5  3
 0  1  9  1
 0  3 10  3
 0  2  9  1
 0  3 11  2
 0  3  5  3
 0  3  5  1
 0  2  5  2
 0  2  7  3
 0  1  7  3
 6 10 10  4
11  7  5  6
 5  7 11  8
11 10  8 11
 5  7  5  6
 4  6  6  8
 8  7  7 10
 9  4 10  7
 8  7  5  4
11  9 10  7
 9  9  6  9
10  6 10  9
 4  9  8  7
 8 11  9  4
 5  4  9  7
10  8 10  7
10  7 11  7
 6  5 11  4
11  8 10  4
 9 10 11  8
11  9  5 10
 6  9 10 11
 9  7  4  5
 8  6 11 10
10  5  4  4
 6  8  8  8
 5  7  9  4
 4  4  5  9
 6 11  9  8
 7  6 10  8
10  8  4  6
 7  4  6  9
 5  4  9  8
10  8  9 11
10  4 11  7
11  6 11  7
 4 10 11  9
 8  4 11  5
11  6  5  5
10  4  5  9
11  7  9  7
 9  8  7  7
 9  9  5  4
 9  4  6  8
 5  4  5  7
 6  7  5  4
11  7  4  6
 5  6  6  8
11 10 11  6
2x2 solution sets
  0 0 3 0   1   9   5  61
  0 1 0 1   7   4  39  31
  3 0 3 2  23  70   3  19
  0 1 2 2  77  11  18   2
  0 0 0 0  10  20  36  56
  0 0 0 0   8  26  63  76
  0 1 0 1  62  13  57  30
  0 1 0 1  69  15  81  21
  0 0 2 2  75  43  28  22
  0 0 2 2  44  37  25  29
  3 0 3 0  32  40  27  66
  3 0 3 0  12  55  17  38
  0 0 0 0  41  42  35  49 *
  0 0 0 0  60  78  47  59 *
  0 0 0 0  68  79  34  45 *
  0 0 0 0  74  52  64  51 *
One single tile solution to this puzzle - there may be more
   1   9  10  20   8  26   6   7   4
   5  61  36  56  63  76  33  39  31
  32  40  41  42  60  78  48  62  13
  27  66  35  49  47  59  67  57  30
  12  55  68  79  74  52  53  69  15
  17  38  34  45  64  51  80  81  21
  14  58  65  46  54  72  50  71  16
  23  70  75  43  44  37  73  77  11
   3  19  28  22  25  29  24  18   2
