 7          puzzle size (rows and columns)
 3   6      # border colours  # inside colours
Top Rgt Bot Lft
 0  2  3  0
 0  1  1  0
 0  1  2  0
 0  3  3  0
 0  2  4  1
 0  1  9  2
 0  1  4  1
 0  2  6  3
 0  3  4  2
 0  2  8  1
 0  2  8  2
 0  1  7  1
 0  2  7  3
 0  3  9  1
 0  1  5  2
 0  3  8  2
 0  1  6  2
 0  2  9  3
 0  3  7  2
 0  1  9  3
 0  3  4  3
 0  3  7  3
 0  3  5  1
 0  2  6  1
 7  9  8  8
 9  5  5  7
 5  8  4  7
 6  5  5  9
 5  6  9  6
 8  6  6  9
 8  7  4  7
 4  6  4  9
 6  4  7  5
 4  9  9  8
 7  9  4  5
 5  9  8  4
 6  5  8  5
 9  7  9  5
 8  7  6  8
 4  5  7  4
 7  8  6  7
 6  6  4  8
 5  6  8  4
 8  7  6  9
 7  8  5  6
 7  7  6  9
 4  9  8  9
 4  5  5  8
 4  4  5  6
2x2 solution sets
  0 0 3 0   3   5  10  48
  0 1 0 1   9   1  34   6
  3 0 3 2  18  32   4  21
  0 1 2 2  30  17  24   2
  0 0 0 0  19  22  35  46
  0 1 0 1  38  12  26  23
  0 0 2 2  29  45  14  15
  3 0 3 0   7  36  20  44
  0 0 0 0  47  28  31  27 *
One single tile solution to this puzzle - there may be more
   3   5  19  22  13   9   1
  10  48  35  46  41  34   6
   7  36  47  28  37  38  12
  20  44  31  27  39  26  23
  16  42  49  40  33  43   8
  18  32  29  45  25  30  17
   4  21  14  15  11  24   2
