 6          puzzle size (rows and columns)
 3   6      # border colours  # inside colours
Top Rgt Bot Lft
 0  1  1  0
 0  2  1  0
 0  2  2  0
 0  3  2  0
 0  2  7  3
 0  3  8  2
 0  2  6  3
 0  1  5  2
 0  2  9  3
 0  3  6  3
 0  1  7  3
 0  3  9  2
 0  1  5  1
 0  1  6  3
 0  3  4  1
 0  2  4  1
 0  3  7  3
 0  1  8  1
 0  3  7  2
 0  2  6  2
 9  7  9  8
 6  9  5  4
 6  9  5  5
 4  4  5  8
 6  8  7  6
 4  4  6  4
 6  5  8  6
 5  7  9  9
 5  8  8  5
 5  8  6  8
 5  5  4  7
 8  8  4  4
 9  8  7  9
 7  7  9  9
 7  7  5  8
 7  6  4  6
2x2 solution sets
  0 0 3 0   4  17  20  36
  0 1 0 1   8   2  28  19
  3 0 3 2  12  34   3   9
  0 1 2 2  35  11  13   1
  0 0 0 0  10   7  27  23
  0 1 0 1  21   5  33   6
  0 0 2 2  31  29  15  18
  3 0 3 0  16  26  14  25
  0 0 0 0  32  30  24  22 *
One single tile solution to this puzzle - there may be more
   4  17  10   7   8   2
  20  36  27  23  28  19
  16  26  32  30  21   5
  14  25  24  22  33   6
  12  34  31  29  35  11
   3   9  15  18  13   1
