 7          puzzle size (rows and columns)
 3   6      # border colours  # inside colours
Top Rgt Bot Lft
 0  3  1  0
 0  1  3  0
 0  1  2  0
 0  2  1  0
 0  3  8  3
 0  3  5  1
 0  2  7  3
 0  1  9  2
 0  3  4  2
 0  3  8  2
 0  2  4  1
 0  2  6  2
 0  3  5  3
 0  2  4  2
 0  3  8  1
 0  2  4  3
 0  1  7  2
 0  1  9  1
 0  2  8  3
 0  3  7  2
 0  1  7  3
 0  1  8  3
 0  2  5  1
 0  1  4  1
 6  7  9  4
 5  8  7  5
 4  7  9  9
 9  8  5  4
 7  9  6  6
 7  6  6  5
 6  4  5  7
 5  4  4  8
 7  5  9  6
 9  8  4  5
 9  8  7  9
 4  6  5  6
 5  9  6  8
 9  8  8  7
 8  4  5  5
 9  9  7  4
 4  8  9  8
 7  5  5  9
 6  6  9  7
 4  8  7  6
 5  6  4  4
 7  5  6  7
 5  6  7  9
 6  9  8  6
 6  4  8  8
2x2 solution sets
  0 0 3 0   4  12  17  43
  0 1 0 1  24   1  41   5
  3 0 3 2   6  26   2  20
  0 1 2 2  49  16  15   3
  0 0 0 0   9   7  36  29
  0 1 0 1  34  19  44  10
  0 0 2 2  32  25  11  18
  3 0 3 0  14  40  23  30
  0 0 0 0  47  48  33  39 *
One single tile solution to this puzzle - there may be more
   4  12   9   7   8  24   1
  17  43  36  29  35  41   5
  14  40  47  48  42  34  19
  23  30  33  39  45  44  10
  21  31  28  37  27  46  13
   6  26  32  25  38  49  16
   2  20  11  18  22  15   3
