 8          puzzle size (rows and columns)
 3   8      # border colours  # inside colours
Top Rgt Bot Lft
 0  1  3  0
 0  3  2  0
 0  2  2  0
 0  3  3  0
 0  1 11  2
 0  3  7  2
 0  1  6  3
 0  2  9  1
 0  3  8  3
 0  1  4  1
 0  3  6  1
 0  3  4  2
 0  2  5  1
 0  3 10  1
 0  2 10  1
 0  1  9  1
 0  2  8  2
 0  2  9  2
 0  3  8  1
 0  1  8  3
 0  2 11  3
 0  1  9  2
 0  1  7  1
 0  2  6  3
 0  3 10  3
 0  2  7  2
 0  1  7  2
 0  2  4  3
 6  8  5  8
 6 10  4  8
 8 10  8 11
10  6  8  6
 5  8  9  8
 5 11  4  7
 7  5  9 11
 6  5  6 11
 5  7  7 11
 9 10  5  4
 7  8  4  9
10  6  9 10
 9  5  6  8
 9  5  4  9
 4  4 11  5
 9 10  6  5
 5 11 10  7
 4  7  4 11
 8 10 10  6
10 11  5  7
 6 11 10 10
 7  7 10  8
 5  8  8 11
 9  8  7  4
11  6  5  7
 6  9  6 10
11 11  6  5
 8  9  7 11
 4 10 11  9
 6  4  5  5
 5  6  4  9
 4  9  5 11
 4  7  4  6
 4  7  6 10
 7  9  8  8
 5 11  7  7
2x2 solution sets
  0 0 3 0   4  24  19  29
  0 1 0 1   6   1  50  23
  3 0 3 2   9  63   2  17
  0 1 2 2  56  18  26   3
  0 0 0 0  22  10  41  43
  0 0 0 0  16  13  52  33
  0 1 0 1  40  11  38  25
  0 1 0 1  51  20  31  15
  0 0 2 2  59  47  28  14
  0 0 2 2  62  34   7  12
  3 0 3 0  27  64   8  39
  3 0 3 0   5  60  21  37
  0 0 0 0  36  55  30  54 *
  0 0 0 0  35  44  42  58 *
  0 0 0 0  57  49  53  32 *
  0 0 0 0  46  45  61  48 *
One single tile solution to this puzzle - there may be more
   4  24  22  10  16  13   6   1
  19  29  41  43  52  33  50  23
  27  64  36  55  35  44  40  11
   8  39  30  54  42  58  38  25
   5  60  57  49  46  45  51  20
  21  37  53  32  61  48  31  15
   9  63  59  47  62  34  56  18
   2  17  28  14   7  12  26   3
