 6          puzzle size (rows and columns)
 3   6      # border colours  # inside colours
Top Rgt Bot Lft
 0  1  2  0
 0  3  2  0
 0  1  3  0
 0  2  3  0
 0  2  6  1
 0  1  7  2
 0  3  6  1
 0  2  8  1
 0  3  7  3
 0  3  5  1
 0  2  5  3
 0  1  8  3
 0  1  4  1
 0  2  7  3
 0  2  8  2
 0  1  5  1
 0  3  7  2
 0  3  9  2
 0  2  4  3
 0  3  6  2
 8  9  4  6
 4  5  6  7
 6  7  9  7
 8  4  9  8
 4  7  5  7
 5  4  9  4
 7  7  8  9
 8  5  4  6
 5  6  7  6
 9  9  5  7
 9  6  5  4
 6  5  8  4
 6  8  5  9
 5  8  6  9
 9  4  8  6
 8  7  8  5
2x2 solution sets
  0 0 3 0   4  15  20  21
  0 1 0 1  19   2  25   9
  3 0 3 2   5  29   3  17
  0 1 2 2  28  11  13   1
  0 0 0 0   6   7  27  23
  0 1 0 1  34  12  32  10
  0 0 2 2  35  31   8  16
  3 0 3 0  14  22  18  33
  0 0 0 0  36  30  24  26 *
One single tile solution to this puzzle - there may be more
   4  15   6   7  19   2
  20  21  27  23  25   9
  14  22  36  30  34  12
  18  33  24  26  32  10
   5  29  35  31  28  11
   3  17   8  16  13   1
