 6          puzzle size (rows and columns)
 3   6      # border colours  # inside colours
Top Rgt Bot Lft
 0  3  2  0
 0  2  3  0
 0  1  2  0
 0  1  1  0
 0  1  6  3
 0  2  9  2
 0  2  6  2
 0  2  4  3
 0  3  8  1
 0  3  7  2
 0  1  5  3
 0  3  5  2
 0  2  4  1
 0  3  5  3
 0  3  4  1
 0  2  8  1
 0  1  6  2
 0  1  9  3
 0  3  4  3
 0  2  7  1
 6  6  8  9
 8  6  4  8
 5  9  7  8
 5  8  9  4
 6  9  6  6
 8  8  5  5
 5  8  9  7
 9  5  8  4
 4  9  7  5
 7  7  5  8
 4  6  4  9
 5  7  4  5
 7  6  6  6
 6  7  4  7
 8  7  5  7
 9  8  7  9
2x2 solution sets
  0 0 3 0   1  11   8  24
  0 1 0 1   6   3  36   9
  3 0 3 2  12  32   2  15
  0 1 2 2  31  17  13   4
  0 0 0 0  16   7  22  25
  0 1 0 1  33   5  34  20
  0 0 2 2  27  23  18  10
  3 0 3 0  19  28  14  26
  0 0 0 0  29  21  30  35 *
One single tile solution to this puzzle - there may be more
   1  11  16   7   6   3
   8  24  22  25  36   9
  19  28  29  21  33   5
  14  26  30  35  34  20
  12  32  27  23  31  17
   2  15  18  10  13   4
