 9          puzzle size (rows and columns)
 3   8      # border colours  # inside colours
Top Rgt Bot Lft
 0  1  3  0
 0  2  1  0
 0  2  2  0
 0  3  3  0
 0  2 10  3
 0  3  4  1
 0  1 11  2
 0  3  6  3
 0  3 11  3
 0  3  5  1
 0  1  7  3
 0  3 11  2
 0  1  8  2
 0  3  9  2
 0  2  9  1
 0  2 10  2
 0  3  8  2
 0  3  6  1
 0  2  9  3
 0  1 10  3
 0  2  8  3
 0  3  9  1
 0  1  9  2
 0  2 11  2
 0  2  7  2
 0  3 10  3
 0  2 11  3
 0  1  5  1
 0  1  4  2
 0  1  9  1
 0  1  8  1
 0  2  8  1
 5 10  6  9
 9 10 10  6
 4  4  9  6
11  4  7  8
 8  9  9  4
11  5  7  6
 8  7  8  9
 7  9  6  5
10  8  9  7
11  4 10  7
 8  4  8  7
10  6 10  4
10  9  4  4
11  9  4 11
 4 10  8  5
 8  5 11  6
11  4  7  4
 7  4  9 10
 8 11  7  4
 4  5  4 11
 8  8  8  5
10  4  6 11
 5  7  7  4
 4  6 11  9
 6  7  6  5
 6  9  9  8
10 10 10  6
11  5  5  4
 8  4  5  6
 5  5  6  5
 9  6  6  7
 7  7  5  4
 9  5  8 10
10  6 11  4
10 11 10  7
 9 11 10  7
 8 11  4 11
 6  7  7 11
 6  6  8  7
 6  5  8  9
 5  7 10  5
 7 11  5  8
 8  9  8  6
10  8  9  5
 6  5 11  4
 7  5  6 10
 5  9 11  7
 7  6 10  5
11  9 11 10
2x2 solution sets
  0 0 3 0   4   5   9  54
  0 1 0 1  28   2  79  23
  3 0 3 2  16  65   3  21
  0 1 2 2  72  10  32   1
  0 0 0 0  24  17  60  53
  0 0 0 0  27  13  36  37
  0 1 0 1  46  22  47  20
  0 1 0 1  75  15  51   7
  0 0 2 2  62  80   8  26
  0 0 2 2  48  76  12  19
  3 0 3 0   6  77  11  42
  3 0 3 0  18  59  29  44
  0 0 0 0  73  43  66  61 *
  0 0 0 0  64  68  55  67 *
  0 0 0 0  81  33  38  57 *
  0 0 0 0  50  45  63  35 *
One single tile solution to this puzzle - there may be more
   4   5  24  17  27  13  31  28   2
   9  54  60  53  36  37  39  79  23
   6  77  73  43  64  68  69  46  22
  11  42  66  61  55  67  52  47  20
  18  59  81  33  50  45  56  75  15
  29  44  38  57  63  35  49  51   7
  25  41  74  70  71  34  78  40  30
  16  65  62  80  48  76  58  72  10
   3  21   8  26  12  19  14  32   1
