 8          puzzle size (rows and columns)
 3   8      # border colours  # inside colours
Top Rgt Bot Lft
 0  2  2  0
 0  1  2  0
 0  3  1  0
 0  3  2  0
 0  1  5  3
 0  3  6  2
 0  1  6  1
 0  2 11  3
 0  3 10  3
 0  2  4  2
 0  3  5  1
 0  1  7  1
 0  3 11  3
 0  2 10  2
 0  1  6  2
 0  3  7  1
 0  3  4  2
 0  1  7  3
 0  1  9  3
 0  2  5  2
 0  2  7  3
 0  2  4  1
 0  2  7  1
 0  2  4  3
 0  1  5  1
 0  1 11  3
 0  2  8  2
 0  3  9  1
 4  8 11  7
10 10  9  5
 6  6 10  6
11  6  9  5
 7  7  7  6
 4 11  5  4
 9  7  6  5
 9 10  9  4
 7  4 11  9
 7  5  5 10
 9  5  6 11
 5  4  6  8
 7  6 11 11
 7  9 11  4
11  8  5  4
 5  5  9  5
10 11  6  5
 8  6  9 10
 9 10  9  7
11  8  7  7
11  8  8  8
10  6  9  7
 8  7  6  9
 8  8  7 11
 6  5 11  5
 9  4  8 10
 4  4  8  6
 6  4  4 10
 9 10  4  8
 9 11 10  8
11  5  7  6
 8  5 11 10
 8 10  8  5
 7  4 10  8
 6  8  9  6
10  4  8 10
2x2 solution sets
  0 0 3 0   1  14  21  50
  0 1 0 1  10   4  34  26
  3 0 3 2  13  39   3   7
  0 1 2 2  38  20  11   2
  0 0 0 0   6  18  63  62
  0 0 0 0  12  23  42  37
  0 1 0 1  40  22  56  17
  0 1 0 1  55  24  52  27
  0 0 2 2  45  41  15   8
  0 0 2 2  59  30  16  19
  3 0 3 0   9  54  28  51
  3 0 3 0  25  53   5  32
  0 0 0 0  36  64  47  60 *
  0 0 0 0  43  49  44  61 *
  0 0 0 0  35  48  31  33 *
  0 0 0 0  57  46  29  58 *
One single tile solution to this puzzle - there may be more
   1  14   6  18  12  23  10   4
  21  50  63  62  42  37  34  26
   9  54  36  64  43  49  40  22
  28  51  47  60  44  61  56  17
  25  53  35  48  57  46  55  24
   5  32  31  33  29  58  52  27
  13  39  45  41  59  30  38  20
   3   7  15   8  16  19  11   2
