 8          puzzle size (rows and columns)
 3   8      # border colours  # inside colours
Top Rgt Bot Lft
 0  2  1  0
 0  3  1  0
 0  2  3  0
 0  2  2  0
 0  1  9  3
 0  2 10  3
 0  1  5  3
 0  2 11  2
 0  3  5  3
 0  1  9  2
 0  2  4  2
 0  3  6  1
 0  3  4  1
 0  2  7  2
 0  3  8  2
 0  1 10  1
 0  1  5  2
 0  2  9  3
 0  1  8  3
 0  2 10  1
 0  3  5  1
 0  3  7  3
 0  1  4  1
 0  1 10  2
 0  3  4  2
 0  2  5  2
 0  3  9  3
 0  1  8  1
 9  6  6  4
 7  8 10  9
 7 10  5  8
 8  6  8 10
 7  6  7 10
 8 11  7  6
 6  9 11  9
 4  4  8  9
 7  6 11  9
11  5  6 11
10  7  7 10
 4  7  8  8
 6  9  7  4
11  9  8  7
 7  9  8  5
 5  4 11 11
 6  8  4 10
 6 10  4  6
10  8  7  4
 6 10 11  8
 8  9 10  4
 5  8  7  6
 8  4 11  9
 5  5  5  8
 7  7 10  9
11 10  5  9
 5  4  4  4
 7  5 10  6
 4  6  7  5
 9  6  6 10
11 11  6  5
 8 11  5  5
11  5 11  6
 5  9  4  7
11  8 11  6
11 10  7  9
2x2 solution sets
  0 0 3 0   2   5  23  29
  0 1 0 1   7   1  55  11
  3 0 3 2  24  39   3  22
  0 1 2 2  31   6  17   4
  0 0 0 0  12  27  46  58
  0 0 0 0  19  21  34  44
  0 1 0 1  40  14  60   8
  0 1 0 1  52  26  50  15
  0 0 2 2  62  53  25  20
  0 0 2 2  42  30  28  16
  3 0 3 0  10  35  18  64
  3 0 3 0   9  43  13  49
  0 0 0 0  36  41  32  56 *
  0 0 0 0  37  63  59  38 *
  0 0 0 0  51  47  54  33 *
  0 0 0 0  48  45  61  57 *
One single tile solution to this puzzle - there may be more
   2   5  12  27  19  21   7   1
  23  29  46  58  34  44  55  11
  10  35  36  41  37  63  40  14
  18  64  32  56  59  38  60   8
   9  43  51  47  48  45  52  26
  13  49  54  33  61  57  50  15
  24  39  62  53  42  30  31   6
   3  22  25  20  28  16  17   4
