 8          puzzle size (rows and columns)
 3   8      # border colours  # inside colours
Top Rgt Bot Lft
 0  3  1  0
 0  1  2  0
 0  2  3  0
 0  1  3  0
 0  3  7  3
 0  2  7  2
 0  1  7  2
 0  1  9  1
 0  3 11  1
 0  1  4  3
 0  2 10  2
 0  2  6  1
 0  2  6  2
 0  1  7  1
 0  3  6  1
 0  1  5  3
 0  3  5  2
 0  1  4  1
 0  1  5  2
 0  3  8  3
 0  3 10  2
 0  2  4  2
 0  3  5  1
 0  2  5  1
 0  2 11  3
 0  3  9  3
 0  2  9  3
 0  2 11  2
 5  7  9 11
 4  6  8  6
 7  5  4  6
11  5  8 10
 4  7  7  4
 6  6 10  7
 8 11  5 11
 4  8  5  6
 4  8 11  5
11 10  7  9
 7  8  9  6
 4  7  8  8
 6 10 11  7
 9  9  4  4
10 10 11 10
 5  7 11  7
 9  4  5  4
10  8  6  8
11  5  6  4
 8  9  8  7
11  6  5  9
 8 10  5  5
 5  8  6 10
 9 10  4 10
11 11  6  8
 8  7  7  8
 8 10 11  7
 9  7 10 10
 5  9  9 10
 5  4  4  8
11  6  9  6
 6 10 11  4
 6  6  9  5
 9  7  8  9
10  4 11  7
 5  6  8  9
2x2 solution sets
  0 0 3 0   3  22  23  37
  0 1 0 1  28   2  59  12
  3 0 3 2  10  45   1  19
  0 1 2 2  33   5  14   4
  0 0 0 0  21  16  46  58
  0 0 0 0   8  24  42  64
  0 1 0 1  52  11  30  13
  0 1 0 1  54   6  31  17
  0 0 2 2  60  57  25  26
  0 0 2 2  62  63  20   9
  3 0 3 0  18  47   7  41
  3 0 3 0  27  38  15  39
  0 0 0 0  61  36  56  44 *
  0 0 0 0  40  55  48  49 *
  0 0 0 0  43  32  53  35 *
  0 0 0 0  50  51  29  34 *
One single tile solution to this puzzle - there may be more
   3  22  21  16   8  24  28   2
  23  37  46  58  42  64  59  12
  18  47  61  36  40  55  52  11
   7  41  56  44  48  49  30  13
  27  38  43  32  50  51  54   6
  15  39  53  35  29  34  31  17
  10  45  60  57  62  63  33   5
   1  19  25  26  20   9  14   4
