 8          puzzle size (rows and columns)
 3   8      # border colours  # inside colours
Top Rgt Bot Lft
 0  1  1  0
 0  1  2  0
 0  2  2  0
 0  3  3  0
 0  2 10  1
 0  1  8  1
 0  3 11  1
 0  1  6  2
 0  1 11  3
 0  2 11  2
 0  1  9  3
 0  3  5  1
 0  2  6  2
 0  2  9  2
 0  2 11  3
 0  2  6  3
 0  1  7  3
 0  2  7  1
 0  3  5  3
 0  2  8  2
 0  2  8  3
 0  3 10  1
 0  3  9  3
 0  1 11  2
 0  3  6  1
 0  3  5  2
 0  3 10  2
 0  1  4  1
 8  7 11  9
 7  4  8  4
10  5  8  4
11  9  8  5
 5  6  4  5
 7 10  5 11
 5  6  9  5
 8  9  6  7
 7  8 11  6
 4  7  4  5
 8  4 10  6
 4 11 11 10
11  9  8 10
10  6  4 10
 6  5  9  7
 5  7 10  9
11  4  5 11
11  7  5  9
 9  5  7  7
 4  4  6  6
 9 10  9  7
 9 10  7 11
 6  5  8  9
10  7  6  5
 6  9  6 10
 6  5  4  4
 8  8  8 10
 6  5  6 11
11  9  8 11
 8 10  8  7
 8  7  4  4
 4 11 10  7
 8 10  4  7
 7 10  9  8
 4  5  7  5
 8  6  6  9
2x2 solution sets
  0 0 3 0   1   7   9  45
  0 1 0 1  13   2  43  12
  3 0 3 2  23  44   4  22
  0 1 2 2  64  16   8   3
  0 0 0 0  17   5  30  31
  0 0 0 0  10  20  32  29
  0 1 0 1  47  19  37  21
  0 1 0 1  57  14  58  27
  0 0 2 2  61  55  28   6
  0 0 2 2  62  53  11  25
  3 0 3 0  26  35  18  49
  3 0 3 0  24  50  15  34
  0 0 0 0  39  59  42  48 *
  0 0 0 0  36  46  54  33 *
  0 0 0 0  40  56  41  51 *
  0 0 0 0  38  60  63  52 *
One single tile solution to this puzzle - there may be more
   1   7  17   5  10  20  13   2
   9  45  30  31  32  29  43  12
  26  35  39  59  36  46  47  19
  18  49  42  48  54  33  37  21
  24  50  40  56  38  60  57  14
  15  34  41  51  63  52  58  27
  23  44  61  55  62  53  64  16
   4  22  28   6  11  25   8   3
