 9          puzzle size (rows and columns)
 3   8      # border colours  # inside colours
Top Rgt Bot Lft
 0  3  3  0
 0  1  3  0
 0  2  2  0
 0  2  3  0
 0  2  7  3
 0  3  4  3
 0  1  7  2
 0  2  8  1
 0  1  9  2
 0  1  5  2
 0  3  8  2
 0  2 11  3
 0  3  9  1
 0  2  9  2
 0  3  6  2
 0  3  7  2
 0  3  6  1
 0  3  4  2
 0  2  7  1
 0  1 11  1
 0  2  6  3
 0  1  6  3
 0  2 11  2
 0  1 11  2
 0  2  9  1
 0  1 10  3
 0  2  6  1
 0  3  8  1
 0  3 11  1
 0  1 10  1
 0  1  8  3
 0  3  7  3
10  5  4  8
 7 10  4  6
11  4  6  7
 5  5  6 10
11  5  8  6
 9 10  5 11
 9  6  5  5
 8 10 10  8
 5  7  8  7
 8  9 10  5
 8 11  4  8
 6  4  9 10
 5  8  6  4
 6  6  9 11
11  8  6 10
 6 11  4  8
 8  7 10  5
10  9  8 10
 5  6  4  4
 7  7  6  8
 7  4  9  9
 9  8  6  9
 4  6  9  6
 9 11 11 10
 9 10  8  9
 6  4  7 10
11 10  4  4
 5  8 11  5
 4  5  7  7
 7  8  4  5
 8 11  5 11
10 10 10  4
 6  5  9 10
10  4  4  7
11  4  9  8
 5  7  7  8
 6 10  7  7
 8  9  5  9
10  7 10 11
 6  9 11 11
 4  9  6 11
 4  6  8  5
 4  7  9  5
 5 11 11 11
10  5  7  7
11  8 11  4
 9  5 10  9
 4  9  5  4
 7  6  5  7
2x2 solution sets
  0 0 3 0   2  19  32  81
  0 1 0 1  13   4  39  15
  3 0 3 2  31  52   1  17
  0 1 2 2  43  23  18   3
  0 0 0 0  16  22  34  44
  0 0 0 0  20   8  78  40
  0 1 0 1  51  21  80  14
  0 1 0 1  60  11  59  26
  0 0 2 2  69  65   7  25
  0 0 2 2  75  77   9   5
  3 0 3 0  29  76  30  47
  3 0 3 0  24  46  12  38
  0 0 0 0  73  54  48  72 *
  0 0 0 0  67  64  57  50 *
  0 0 0 0  55  37  56  63 *
  0 0 0 0  42  70  71  41 *
One single tile solution to this puzzle - there may be more
   2  19  16  22  20   8  10  13   4
  32  81  34  44  78  40  36  39  15
  29  76  73  54  67  64  58  51  21
  30  47  48  72  57  50  53  80  14
  24  46  55  37  42  70  79  60  11
  12  38  56  63  71  41  66  59  26
  28  68  35  45  33  49  61  74  27
  31  52  69  65  75  77  62  43  23
   1  17   7  25   9   5   6  18   3
