 7          puzzle size (rows and columns)
 3   6      # border colours  # inside colours
Top Rgt Bot Lft
 0  3  1  0
 0  1  3  0
 0  3  3  0
 0  2  1  0
 0  3  9  2
 0  3  8  2
 0  3  6  3
 0  2  6  2
 0  1  7  2
 0  2  4  2
 0  1  6  1
 0  3  4  3
 0  3  4  2
 0  2  5  2
 0  3  8  3
 0  2  8  3
 0  1  5  1
 0  2  6  1
 0  1  4  2
 0  1  5  3
 0  2  9  1
 0  1  9  3
 0  1  8  1
 0  2  5  1
 7  6  5  5
 8  7  7  8
 8  7  6  5
 7  8  6  9
 4  8  7  6
 6  4  8  9
 7  5  8  9
 4  5  6  7
 8  9  5  7
 5  6  8  9
 7  6  4  5
 6  6  9  9
 8  9  8  5
 4  7  8  7
 9  9  4  5
 4  8  4  6
 4  7  9  4
 7  6  6  5
 7  5  7  4
 5  4  8  9
 4  5  7  4
 9  4  7  5
 6  9  9  8
 9  5  4  6
 8  9  7  6
2x2 solution sets
  0 0 3 0   4   5  17  46
  0 1 0 1  13   2  29  23
  3 0 3 2  20  37   3   6
  0 1 2 2  27   9   7   1
  0 0 0 0  12  16  41  33
  0 1 0 1  35  11  32  24
  0 0 2 2  28  47  18  22
  3 0 3 0  19  43  14  25
  0 0 0 0  39  34  40  26 *
One single tile solution to this puzzle - there may be more
   4   5  12  16   8  13   2
  17  46  41  33  36  29  23
  19  43  39  34  48  35  11
  14  25  40  26  38  32  24
  21  44  45  42  49  30  10
  20  37  28  47  31  27   9
   3   6  18  22  15   7   1
