 9          puzzle size (rows and columns)
 3   8      # border colours  # inside colours
Top Rgt Bot Lft
 0  1  3  0
 0  2  3  0
 0  3  3  0
 0  2  1  0
 0  1  4  1
 0  3  7  1
 0  2  4  3
 0  1  7  2
 0  3  7  2
 0  2  8  2
 0  2 11  2
 0  2 10  3
 0  2  9  3
 0  3  5  1
 0  1  8  1
 0  1 10  2
 0  1 11  1
 0  3 11  1
 0  2  5  1
 0  1  5  3
 0  1  6  2
 0  1  5  1
 0  1  4  2
 0  2  8  3
 0  2  9  1
 0  2  9  2
 0  3  6  2
 0  3 11  3
 0  3  5  2
 0  3  4  3
 0  3  5  3
 0  3  8  2
10 11  6 10
 5  5  5  9
11  7  4  8
 9  9  4 10
 5 10  4  4
 5  5  9  6
 4 11  5  4
 4  4  7 11
 7 10  5  6
 9  6  4  7
 4 11  4  6
10  5 10  4
 8  8  9  6
 5  9  7  5
 4  6  7  9
 7  4 10 11
 6 10  8 11
 8  4  9 10
 7 11  8 11
 6  6 11 11
 7  9  5  9
 4 11  8  7
 7  7  9  9
10 11  5  6
 6  8  7  7
 9  4  7  5
 6 11  5  5
 9  8 11 11
 8  4 10  8
 9 11  7  9
10  6  6  8
 8 10  6  4
 6 10  7  6
 6  8  8  5
 7  7  6  7
 9  4  9  8
 9  7  6  5
 6  6  8  8
 7 10 10  4
 8  9 10  8
 7  6 11  6
11 10  8  9
 7 11  5 10
 4 11  8 11
 4 10  9 11
 9  5  9 10
 8 11  5  7
10 10  6 10
 5  8  4 10
2x2 solution sets
  0 0 3 0   2   9  27  73
  0 1 0 1  15   4  61  23
  3 0 3 2  22  59   1  29
  0 1 2 2  34  14  20   3
  0 0 0 0  30   7  43  40
  0 0 0 0   8  25  71  78
  0 1 0 1  33  18  65  12
  0 1 0 1  75  11  37  16
  0 0 2 2  76  60  24  28
  0 0 2 2  70  41  32  19
  3 0 3 0  10  35  26  47
  3 0 3 0  13  53  31  46
  0 0 0 0  54  48  45  63 *
  0 0 0 0  44  58  56  51 *
  0 0 0 0  62  49  55  79 *
  0 0 0 0  81  72  77  80 *
One single tile solution to this puzzle - there may be more
   2   9  30   7   8  25  21  15   4
  27  73  43  40  71  78  66  61  23
  10  35  54  48  44  58  64  33  18
  26  47  45  63  56  51  52  65  12
  13  53  62  49  81  72  74  75  11
  31  46  55  79  77  80  50  37  16
   6  67  42  38  69  57  68  39  17
  22  59  76  60  70  41  36  34  14
   1  29  24  28  32  19   5  20   3
