 9          puzzle size (rows and columns)
 3   8      # border colours  # inside colours
Top Rgt Bot Lft
 0  1  2  0
 0  1  3  0
 0  2  1  0
 0  3  3  0
 0  3  7  3
 0  3  8  1
 0  2 10  3
 0  2  4  1
 0  1  8  1
 0  3  9  1
 0  2  5  3
 0  3 10  1
 0  1 11  3
 0  3  4  2
 0  3 10  2
 0  1  5  1
 0  3 11  3
 0  2 11  2
 0  2  5  2
 0  2  6  1
 0  2  7  2
 0  3  4  3
 0  3  5  3
 0  1 11  2
 0  1  9  2
 0  3  8  2
 0  2 11  3
 0  1  6  1
 0  2  8  2
 0  1  5  2
 0  2  8  1
 0  1  4  3
 8  7  9 10
 7 10  4  5
 4  7  9 11
 6 10  6  5
 4 11  4  9
10  9  5  5
 7  5  7 11
 6 11  6  8
 7  4  4 10
 9  6  6  5
11 10  5  6
 7  4  6  7
 6  8  4  7
 9 11  8  8
 4  5  4  4
 5  6  7 11
 9  7  6  7
 7 11  8  7
 6 11 10  9
11 10  9 10
 8 11  7  5
 7 10  6  8
 6  9  5  6
 5  4  9  4
10  8  9  8
 4  8  6 10
10  8  4  8
 6  8 10 11
 6  4 10  8
 7  7 10  4
 4 11  7  6
 9 10  8  8
 8  6  6  7
 9  9 11 10
 7 11  9 11
10 10  8 11
 5  5  9  5
11  5  7 11
 5  6  7  7
10 10  4  8
 9 11  4  8
 4  5  9  5
 6  5  9 11
 4  9  5  5
 9 11  4  9
 6  8  5 11
 9  7  7 10
 4 10  6 10
 9  8  6  9
2x2 solution sets
  0 0 3 0   2  10   5  49
  0 1 0 1  18   1  52  12
  3 0 3 2  30  74   3  25
  0 1 2 2  41  22  32   4
  0 0 0 0  23  27  71  43
  0 0 0 0  14   7  58  57
  0 1 0 1  46  13  65  20
  0 1 0 1  60  29  68  15
  0 0 2 2  76  77  19   8
  0 0 2 2  78  64  16   9
  3 0 3 0   6  40  24  75
  3 0 3 0  11  42  26  61
  0 0 0 0  39  69  34  66 *
  0 0 0 0  36  79  51  67 *
  0 0 0 0  63  70  62  50 *
  0 0 0 0  38  81  48  55 *
One single tile solution to this puzzle - there may be more
   2  10  23  27  14   7  21  18   1
   5  49  71  43  58  57  54  52  12
   6  40  39  69  36  79  45  46  13
  24  75  34  66  51  67  35  65  20
  11  42  63  70  38  81  73  60  29
  26  61  62  50  48  55  37  68  15
  31  59  72  33  44  56  47  53  17
  30  74  76  77  78  64  80  41  22
   3  25  19   8  16   9  28  32   4
