 9          puzzle size (rows and columns)
 3   8      # border colours  # inside colours
Top Rgt Bot Lft
 0  3  3  0
 0  1  1  0
 0  2  1  0
 0  1  2  0
 0  3  9  1
 0  3  8  2
 0  2  7  3
 0  1  6  1
 0  2 11  3
 0  2  6  2
 0  1 11  1
 0  2  4  2
 0  3  8  3
 0  1  4  3
 0  1  6  2
 0  2  8  1
 0  2 11  1
 0  3 11  2
 0  2 10  2
 0  1 11  3
 0  3  5  1
 0  1  8  2
 0  1  9  3
 0  2  6  3
 0  3  9  3
 0  3 10  2
 0  1  5  2
 0  3  7  1
 0  2  8  2
 0  3 10  1
 0  2  8  3
 0  3 11  3
 9  9  8 11
 5  5  6  8
11  4  5  5
10  5  6 11
 5  9  5  6
 7  9  4  8
 4 11 11  6
 9  5  7  5
11  8 10  7
 4 10  5  6
10  5  7 10
 8  4 10  5
 6  7  7 11
 6  4  9  5
 9 11 10 10
 9  8  9  7
10  4  4  6
 4  6  5  4
 7  6  4  5
 8  6  7  4
 5 11  5 10
 7  4 10  6
 9  5  8  7
10  7  9  8
11  7  9  8
 6  7  7  4
 9  4  9 11
 9 11  8  5
 7  4 10 11
 4 10  9  8
11  5  7  7
 4 10  6  4
10  8  9  4
 5  5  9  4
 8 10 11  4
 8  6  4  8
 4  8  5 11
 9  7  8  7
10 11  6 10
11  8  6  7
 6 10  7  8
10  7  9  6
10 10 10  9
 9 11 11  5
 6  6  4  4
 7 11  6  8
 5  8 10  7
 6  5 11  9
 7  9  6  9
2x2 solution sets
  0 0 3 0   4   8  12  58
  0 1 0 1  14   2  42  30
  3 0 3 2  10  39   3  20
  0 1 2 2  81   5  24   1
  0 0 0 0  17  26  41  56
  0 0 0 0  32   9  63  35
  0 1 0 1  37  23  53  11
  0 1 0 1  79  16  75  19
  0 0 2 2  69  34  21  15
  0 0 2 2  40  76   7  18
  3 0 3 0  31  78  25  80
  3 0 3 0  13  57  28  55
  0 0 0 0  36  60  46  67 *
  0 0 0 0  61  66  71  59 *
  0 0 0 0  70  72  44  77 *
  0 0 0 0  73  47  54  65 *
One single tile solution to this puzzle - there may be more
   4   8  17  26  32   9   6  14   2
  12  58  41  56  63  35  52  42  30
  31  78  36  60  61  66  51  37  23
  25  80  46  67  71  59  64  53  11
  13  57  70  72  73  47  45  79  16
  28  55  44  77  54  65  38  75  19
  22  68  49  50  74  48  62  43  27
  10  39  69  34  40  76  33  81   5
   3  20  21  15   7  18  29  24   1
