 9          puzzle size (rows and columns)
 3   8      # border colours  # inside colours
Top Rgt Bot Lft
 0  1  2  0
 0  2  1  0
 0  3  1  0
 0  2  2  0
 0  3  4  3
 0  2 11  3
 0  3  6  2
 0  3 11  2
 0  3  6  3
 0  2  8  2
 0  2  5  1
 0  3  9  3
 0  1  8  3
 0  1  9  3
 0  2  4  3
 0  1  6  2
 0  1  5  3
 0  3 10  2
 0  3  8  2
 0  1  7  1
 0  1  4  1
 0  2  4  2
 0  1  7  2
 0  2  7  1
 0  2  5  2
 0  1 10  3
 0  3  8  1
 0  1 11  1
 0  2  8  1
 0  2  6  3
 0  3 11  3
 0  3  9  1
11 11  8  6
10  9  4  5
 4  5 11  6
 4  4  5 10
 8 10  6  7
 8  5  4  8
11  5  7 11
 6  6 10  5
 7  5  5  8
 7  7  4  8
10  9  8  4
 8  7 10  4
 8  5  4  9
10  8  9  5
 8  7  9  9
 6  5  8  9
 5  8  6  5
10  9 10  7
11  9  7  4
 9 11 10  6
 8  5  8 11
 9  7  6 10
10  4  4  7
 9 10 11  5
 7  8  7  4
 6  8  7  4
 9  4  7  7
 4  5 11  5
10  9  5 11
 6 10  5 10
 7 10  4  6
 5  9  6 10
 5 10 11  9
 6  6  6  4
 7 10 11  8
11  7  7 10
10  4  7 10
 4  6  8  5
11  8  8  9
11  5 10 10
11  6  7  5
 7  8 11  4
 5 11  9  8
 6  9  9 11
 4  6  6  9
 9  9  9  4
 7 11 11  7
11  4  6  6
 6 10 11  9
2x2 solution sets
  0 0 3 0   4  18  15  43
  0 1 0 1  26   2  46  10
  3 0 3 2   9  33   3  13
  0 1 2 2  39  25  20   1
  0 0 0 0   6  23  71  42
  0 0 0 0  32  30  59  58
  0 1 0 1  52   8  34  14
  0 1 0 1  60  11  73  16
  0 0 2 2  76  77  12   7
  0 0 2 2  63  68  22  24
  3 0 3 0   5  44  31  61
  3 0 3 0  27  75  21  78
  0 0 0 0  37  36  48  49 *
  0 0 0 0  57  41  67  64 *
  0 0 0 0  53  40  47  50 *
  0 0 0 0  80  66  81  62 *
One single tile solution to this puzzle - there may be more
   4  18   6  23  32  30  19  26   2
  15  43  71  42  59  58  38  46  10
   5  44  37  36  57  41  70  52   8
  31  61  48  49  67  64  45  34  14
  27  75  53  40  80  66  35  60  11
  21  78  47  50  81  62  72  73  16
  17  56  54  55  51  65  69  74  29
   9  33  76  77  63  68  79  39  25
   3  13  12   7  22  24  28  20   1
