 6          puzzle size (rows and columns)
 3   6      # border colours  # inside colours
Top Rgt Bot Lft
 0  1  3  0
 0  2  2  0
 0  3  1  0
 0  3  2  0
 0  2  8  2
 0  2  5  3
 0  1  6  2
 0  1  5  3
 0  3  8  3
 0  3  8  1
 0  3  7  2
 0  1  6  1
 0  2  9  3
 0  1  8  2
 0  3  4  1
 0  2  7  1
 0  2  6  3
 0  3  9  2
 0  2  4  1
 0  1  7  3
 9  6  5  7
 6  5  4  4
 9  6  6  7
 5  9  7  6
 5  8  6  4
 7  8  5  5
 4  5  9  6
 5  5  6  8
 6  7  4  7
 7  8  8  8
 6  6  9  9
 5  8  5  7
 8  4  9  4
 9  7  7  5
 4  4  7  8
 9  4  9  8
2x2 solution sets
  0 0 3 0   1  10  15  33
  0 1 0 1   8   3  32   9
  3 0 3 2   5  35   2  16
  0 1 2 2  36  19  13   4
  0 0 0 0  17  18  22  34
  0 1 0 1  28   6  31   7
  0 0 2 2  25  30  12  14
  3 0 3 0  20  23  11  29
  0 0 0 0  27  26  21  24 *
One single tile solution to this puzzle - there may be more
   1  10  17  18   8   3
  15  33  22  34  32   9
  20  23  27  26  28   6
  11  29  21  24  31   7
   5  35  25  30  36  19
   2  16  12  14  13   4
