 6          puzzle size (rows and columns)
 3   6      # border colours  # inside colours
Top Rgt Bot Lft
 0  3  2  0
 0  2  3  0
 0  1  2  0
 0  2  2  0
 0  1  4  3
 0  1  9  3
 0  3  9  3
 0  3  4  2
 0  2  4  2
 0  2  9  1
 0  2  9  2
 0  3  7  1
 0  2  6  1
 0  3  5  3
 0  3  8  2
 0  1  8  1
 0  1  7  3
 0  1  8  3
 0  3  6  1
 0  2  4  1
 9  8  6  8
 9  4  7  5
 5  6  7  9
 5  4  8  5
 7  5  4  6
 4  8  6  8
 7  5  6  4
 8  9  5  6
 7  9  8  6
 6  9  7  8
 7  6  5  8
 7  5  5  5
 6  8  7  9
 7  6  9  4
 7  5  4  5
 6  8  7  4
2x2 solution sets
  0 0 3 0   1  17  20  34
  0 1 0 1  13   3  36  16
  3 0 3 2   8  27   2  19
  0 1 2 2  24   9  15   4
  0 0 0 0  12   6  25  22
  0 1 0 1  29  10  28  11
  0 0 2 2  35  32   5  14
  3 0 3 0  18  21   7  33
  0 0 0 0  26  31  30  23 *
One single tile solution to this puzzle - there may be more
   1  17  12   6  13   3
  20  34  25  22  36  16
  18  21  26  31  29  10
   7  33  30  23  28  11
   8  27  35  32  24   9
   2  19   5  14  15   4
