 6          puzzle size (rows and columns)
 3   6      # border colours  # inside colours
Top Rgt Bot Lft
 0  3  1  0
 0  2  2  0
 0  2  3  0
 0  1  2  0
 0  2  7  3
 0  1  8  2
 0  3  4  2
 0  3  7  2
 0  2  5  3
 0  3  5  3
 0  2  9  2
 0  1  6  1
 0  2  4  3
 0  3  7  1
 0  1  4  2
 0  3  9  3
 0  1  4  3
 0  3  6  1
 0  1  5  1
 0  2  4  1
 6  7  7  7
 5  9  6  8
 9  4  5  9
 5  6  6  8
 9  8  8  6
 9  7  5  8
 4  8  9  6
 6  6  5  8
 7  8  5  7
 5  8  6  9
 8  6  5  7
 6  7  9  4
 4  8  5  5
 4  7  9  6
 9  7  8  7
 5  4  4  8
2x2 solution sets
  0 0 3 0   3  15  10  33
  0 1 0 1  11   2  26   8
  3 0 3 2   5  35   1   6
  0 1 2 2  23  13  19   4
  0 0 0 0  12  20  28  27
  0 1 0 1  36  17  34  14
  0 0 2 2  29  22   9  18
  3 0 3 0  16  30   7  32
  0 0 0 0  24  25  21  31 *
One single tile solution to this puzzle - there may be more
   3  15  12  20  11   2
  10  33  28  27  26   8
  16  30  24  25  36  17
   7  32  21  31  34  14
   5  35  29  22  23  13
   1   6   9  18  19   4
