 9          puzzle size (rows and columns)
 3   8      # border colours  # inside colours
Top Rgt Bot Lft
 0  1  1  0
 0  1  2  0
 0  2  1  0
 0  2  3  0
 0  3  5  2
 0  3  4  1
 0  1  8  3
 0  2  7  1
 0  1  4  2
 0  2  6  2
 0  2 10  2
 0  3  9  2
 0  3 10  1
 0  3 11  3
 0  2  6  3
 0  2 10  3
 0  3  5  1
 0  2  6  1
 0  1  6  1
 0  3  4  2
 0  2  5  3
 0  1  7  3
 0  1  8  2
 0  3 10  2
 0  1  5  3
 0  1  8  1
 0  2  4  3
 0  3  8  3
 0  2  5  2
 0  1 11  3
 0  3 11  2
 0  3  6  1
 8  4  4  4
 9  4 10  4
 9  8 10  6
 6  7  8  4
 7 11  8  6
11  4  5  9
 5 11  8  9
 6 11  6  5
 6  6 10  7
 8  9 11  4
 8  5  6  7
11  9  7  6
 7  4 11 11
 4  5  8  7
11  9 10  6
11 10  7 11
 6  8 11  6
10  9  9  9
10  5 10  7
 5  9 10  6
10  6  6  8
11  6  5  8
 5  9  4  5
11  7  9 10
 9  5  7  8
10  4 11 11
11  6  7  7
 8 11  4  8
 6  7 10  9
10 10  8  5
 7  7 10  9
10  8 11  8
 5 11 11  4
 9  4  5  7
 7  4  7  5
 4  9  8  7
 9  7  5  9
10  6  5  7
 4  8 11  4
10  6  6  4
 7  8 11 11
 5  9  9  4
10  4  6  5
 5  5  4  9
11  7  9  9
 8  5  6  4
10  7 10 10
 8  9  7  8
 8  5 10  9
2x2 solution sets
  0 0 3 0   4  29   6  65
  0 1 0 1  23   3  60  31
  3 0 3 2  26  80   1  22
  0 1 2 2  81  21  13   2
  0 0 0 0  24  15  58  36
  0 0 0 0  12  27  66  71
  0 1 0 1  46  25  78  17
  0 1 0 1  49   7  59  32
  0 0 2 2  76  75  20  18
  0 0 2 2  33  72   9  10
  3 0 3 0  19  44  30  45
  3 0 3 0  28  54   5  55
  0 0 0 0  38  42  74  77 *
  0 0 0 0  39  48  43  67 *
  0 0 0 0  35  57  50  63 *
  0 0 0 0  40  73  41  47 *
One single tile solution to this puzzle - there may be more
   4  29  24  15  12  27  11  23   3
   6  65  58  36  66  71  64  60  31
  19  44  38  42  39  48  56  46  25
  30  45  74  77  43  67  34  78  17
  28  54  35  57  40  73  53  49   7
   5  55  50  63  41  47  61  59  32
   8  68  69  51  62  79  70  37  14
  26  80  76  75  33  72  52  81  21
   1  22  20  18   9  10  16  13   2
