 6          puzzle size (rows and columns)
 3   6      # border colours  # inside colours
Top Rgt Bot Lft
 0  3  1  0
 0  2  3  0
 0  3  3  0
 0  2  1  0
 0  2  5  2
 0  1  7  1
 0  3  9  3
 0  3  7  1
 0  1  8  2
 0  3  9  2
 0  1  5  1
 0  3  5  2
 0  1  9  1
 0  1  4  3
 0  2  6  3
 0  2  6  2
 0  2  8  3
 0  2  9  2
 0  3  8  2
 0  1  9  3
 4  7  7  6
 5  4  7  9
 7  4  5  7
 7  7  6  6
 6  4  8  8
 5  5  4  8
 6  8  5  4
 7  4  9  4
 5  6  7  9
 8  8  6  7
 6  5  8  7
 8  7  9  4
 5  6  9  4
 5  8  9  4
 8  6  8  5
 9  6  5  6
2x2 solution sets
  0 0 3 0   4  12  20  22
  0 1 0 1  19   2  35  16
  3 0 3 2  14  28   3  10
  0 1 2 2  32   6   7   1
  0 0 0 0  15   5  27  26
  0 1 0 1  30   9  31  11
  0 0 2 2  34  25  18  17
  3 0 3 0   8  23  13  29
  0 0 0 0  33  21  36  24 *
One single tile solution to this puzzle - there may be more
   4  12  15   5  19   2
  20  22  27  26  35  16
   8  23  33  21  30   9
  13  29  36  24  31  11
  14  28  34  25  32   6
   3  10  18  17   7   1
