 6          puzzle size (rows and columns)
 3   6      # border colours  # inside colours
Top Rgt Bot Lft
 0  3  1  0
 0  1  1  0
 0  2  2  0
 0  3  3  0
 0  2  8  3
 0  1  7  2
 0  2  4  1
 0  3  7  2
 0  3  5  2
 0  1  4  3
 0  3  6  1
 0  3  7  3
 0  2  6  3
 0  2  6  2
 0  3  4  3
 0  2  9  2
 0  2  5  2
 0  1  8  3
 0  1  7  1
 0  1  6  1
 4  6  5  6
 4  7  7  8
 5  9  6  8
 5  4  8  5
 8  5  9  8
 6  6  8  7
 4  5  6  9
 7  8  4  9
 8  6  9  6
 9  7  5  5
 9  5  7  5
 7  9  4  8
 5  8  7  7
 5  8  4  6
 4  9  7  4
 6  9  8  9
2x2 solution sets
  0 0 3 0   2   7  20  21
  0 1 0 1  13   3  36  16
  3 0 3 2  15  35   4  12
  0 1 2 2  24  10   5   1
  0 0 0 0  17   9  34  23
  0 1 0 1  29  14  30   8
  0 0 2 2  27  31  11   6
  3 0 3 0  19  33  18  32
  0 0 0 0  22  26  28  25 *
One single tile solution to this puzzle - there may be more
   2   7  17   9  13   3
  20  21  34  23  36  16
  19  33  22  26  29  14
  18  32  28  25  30   8
  15  35  27  31  24  10
   4  12  11   6   5   1
