 6          puzzle size (rows and columns)
 3   6      # border colours  # inside colours
Top Rgt Bot Lft
 0  1  2  0
 0  1  1  0
 0  3  2  0
 0  2  3  0
 0  3  4  2
 0  3  7  3
 0  2  8  3
 0  2  9  1
 0  3  8  1
 0  1  7  2
 0  3  4  3
 0  2  8  1
 0  3  6  3
 0  3  9  2
 0  1  4  3
 0  1  9  2
 0  2  5  1
 0  2  7  1
 0  1  9  3
 0  2  5  2
 5  4  7  5
 9  7  4  6
 9  8  4  7
 7  5  5  6
 9  6  6  7
 5  6  6  8
 9  5  8  8
 7  4  8  4
 6  6  5  9
 4  8  7  5
 5  7  8  5
 8  6  9  7
 8  8  7  6
 7  4  9  6
 6  5  6  9
 8  4  5  4
2x2 solution sets
  0 0 3 0   1   8  18  25
  0 1 0 1  10   2  24  17
  3 0 3 2  20  31   4   9
  0 1 2 2  33   7   6   3
  0 0 0 0  16  12  22  32
  0 1 0 1  21   5  28  11
  0 0 2 2  23  26  15  13
  3 0 3 0  19  35  14  29
  0 0 0 0  30  27  34  36 *
One single tile solution to this puzzle - there may be more
   1   8  16  12  10   2
  18  25  22  32  24  17
  19  35  30  27  21   5
  14  29  34  36  28  11
  20  31  23  26  33   7
   4   9  15  13   6   3
