 9          puzzle size (rows and columns)
 3   8      # border colours  # inside colours
Top Rgt Bot Lft
 0  1  1  0
 0  3  2  0
 0  1  2  0
 0  3  3  0
 0  3  8  3
 0  2  9  1
 0  3  8  2
 0  2  4  2
 0  3  4  1
 0  3  4  2
 0  1  6  2
 0  1  9  2
 0  2  8  3
 0  1 11  2
 0  2  6  1
 0  1  6  3
 0  2  5  1
 0  3  9  2
 0  2 11  3
 0  1  9  1
 0  2  6  3
 0  1  7  3
 0  2 11  2
 0  3  7  1
 0  2  5  2
 0  3 10  3
 0  2  8  1
 0  3  7  3
 0  3  9  1
 0  1  4  1
 0  2  5  3
 0  1 10  3
 8  9  7  5
 6  4 11  8
 5  9  9 10
 8  9 10  4
 4  4  7  5
11  8  7  9
 4  7 10  9
 5  8 11  8
10  8 11  8
 4  9 11  7
11  4 10  9
 5  4  5 10
 4  7  5  8
 7  5 10 11
 7  7  6  6
 7  7 11  4
 6  8  6  9
11 10 10  9
11 10  6  9
11  9 11 11
 8  5  4 10
 6  9  6  4
11 10  8  6
 4  6  4  8
 7  5  5  5
 9  6  5  9
 5 10 10  7
10  8  4  8
11  9  7  5
10  9  9 10
10  7  6  6
 7  8  5 10
 6  9  4  6
 7  6  8  8
 7  8 10  7
10  5 11  6
 9  6  4  5
10  8 11  5
 9  6  6  5
 6  7 10  5
10 11  9  4
11  5  8  8
 6  5  7  7
 6 11  4  5
11  6  8  7
10  5  9  8
 7  4  7 11
 4  4 11  4
11 10 11  4
2x2 solution sets
  0 0 3 0   2   5  17  33
  0 1 0 1  16   1  34  30
  3 0 3 2   9  81   3  23
  0 1 2 2  39  28  32   4
  0 0 0 0  19  10  38  56
  0 0 0 0  22  24  47  67
  0 1 0 1  77  15  36  12
  0 1 0 1  62   6  71  11
  0 0 2 2  64  74  31   7
  0 0 2 2  69  55   8  27
  3 0 3 0  14  79  25  57
  3 0 3 0  13  40  18  50
  0 0 0 0  48  42  61  43 *
  0 0 0 0  49  41  54  51 *
  0 0 0 0  66  63  53  76 *
  0 0 0 0  75  72  46  70 *
One single tile solution to this puzzle - there may be more
   2   5  19  10  22  24  26  16   1
  17  33  38  56  47  67  60  34  30
  14  79  48  42  49  41  45  77  15
  25  57  61  43  54  51  44  36  12
  13  40  66  63  75  72  59  62   6
  18  50  53  76  46  70  78  71  11
  21  68  37  80  73  52  58  65  29
   9  81  64  74  69  55  35  39  28
   3  23  31   7   8  27  20  32   4
