 8          puzzle size (rows and columns)
 3   8      # border colours  # inside colours
Top Rgt Bot Lft
 0  1  3  0
 0  2  1  0
 0  1  2  0
 0  2  2  0
 0  1 11  3
 0  1  6  2
 0  3  5  3
 0  1  4  2
 0  2 10  1
 0  1  6  1
 0  2 10  2
 0  2 10  3
 0  1  8  2
 0  3 10  2
 0  3  4  1
 0  3  6  1
 0  1  8  3
 0  2  5  1
 0  2  6  3
 0  2  9  3
 0  2  8  3
 0  3  6  3
 0  3  5  1
 0  1  8  1
 0  3  4  2
 0  2 11  2
 0  3  8  2
 0  3  7  1
 5  9  8  9
 7  7  4  7
11  7  9  9
 9 11 11 10
 4  7  4  8
10  7  8  4
 7 11 10 11
 6 10  4  5
 4  9  5  7
10  7  4  6
 8 10 10  7
 9  8  4  7
11  6  6  4
 9 11  5  6
 8  5  8 11
 6  8  7  8
 9  8 10  5
 8 10  9 10
 8  9  4  6
 5  5  5 11
 5  4  5 11
 5 11 11  9
 6  6  6  9
 5 11 10 11
 4  7  6  7
 5 11  5 10
 4  5  7  7
 4  5 11  9
 6  7  9 10
 8 10 11  4
 7  9  9 10
 7  6  7  8
 6 10  7  8
 9  4  6  5
 4  8  9  5
11  6  6  8
2x2 solution sets
  0 0 3 0   3  18  20  29
  0 1 0 1  17   2  46  11
  3 0 3 2  23  62   1  16
  0 1 2 2  35  26  14   4
  0 0 0 0   6  24  51  47
  0 0 0 0  15  22  56  36
  0 1 0 1  40  13  33  28
  0 1 0 1  55   7  60  19
  0 0 2 2  41  38  10   8
  0 0 2 2  39  32   9   5
  3 0 3 0  25  58  21  64
  3 0 3 0  27  61  12  59
  0 0 0 0  57  37  42  48 *
  0 0 0 0  31  53  45  44 *
  0 0 0 0  54  49  50  52 *
  0 0 0 0  34  30  43  63 *
One single tile solution to this puzzle - there may be more
   3  18   6  24  15  22  17   2
  20  29  51  47  56  36  46  11
  25  58  57  37  31  53  40  13
  21  64  42  48  45  44  33  28
  27  61  54  49  34  30  55   7
  12  59  50  52  43  63  60  19
  23  62  41  38  39  32  35  26
   1  16  10   8   9   5  14   4
