 7          puzzle size (rows and columns)
 3   6      # border colours  # inside colours
Top Rgt Bot Lft
 0  3  1  0
 0  1  1  0
 0  2  2  0
 0  3  3  0
 0  3  9  2
 0  1  9  2
 0  3  8  3
 0  3  6  2
 0  2  7  1
 0  1  7  3
 0  2  8  3
 0  1  8  3
 0  1  4  1
 0  2  4  3
 0  1  6  1
 0  3  5  2
 0  2  5  1
 0  1  4  3
 0  1  5  2
 0  2  9  1
 0  3  7  3
 0  3  4  1
 0  2  7  2
 0  2  8  2
 8  9  4  5
 5  6  5  4
 5  6  7  6
 9  9  8  4
 6  4  5  9
 7  6  9  5
 6  7  6  8
 7  9  6  7
 8  7  7  5
 9  7  4  4
 5  4  7  6
 6  7  5  4
 4  4  5  7
 5  5  6  9
 5  7  9  9
 9  8  8  4
 8  6  6  8
 6  5  5  7
 8  7  8  6
 8  8  4  7
 4  6  9  9
 4  8  5  6
 8  7  9  4
 6  9  4  8
 9  5  8  9
2x2 solution sets
  0 0 3 0   3   5  14  40
  0 1 0 1   8   4  31  21
  3 0 3 2  20  45   2   6
  0 1 2 2  49  19  12   1
  0 0 0 0   7  11  41  43
  0 1 0 1  36  10  26  15
  0 0 2 2  27  46  23  17
  3 0 3 0  22  47  18  28
  0 0 0 0  42  33  38  30 *
One single tile solution to this puzzle - there may be more
   3   5   7  11  24   8   4
  14  40  41  43  44  31  21
  22  47  42  33  37  36  10
  18  28  38  30  35  26  15
  16  25  29  34  32  39   9
  20  45  27  46  48  49  19
   2   6  23  17  13  12   1
