 8          puzzle size (rows and columns)
 3   8      # border colours  # inside colours
Top Rgt Bot Lft
 0  2  2  0
 0  1  3  0
 0  1  2  0
 0  3  1  0
 0  3  6  3
 0  2  6  3
 0  1  7  2
 0  2  4  2
 0  1  9  1
 0  2 10  3
 0  3  8  2
 0  3  9  2
 0  2  6  1
 0  2  8  3
 0  1  5  3
 0  2  9  3
 0  3  5  2
 0  3  7  3
 0  1  5  1
 0  2  4  1
 0  1  4  2
 0  3  5  1
 0  1 11  1
 0  3  6  1
 0  1  9  2
 0  2 10  2
 0  2 11  1
 0  3 10  3
 5  8  9  7
 7  7  9  9
 4  8  4 10
 8 10 11  8
 8 10  7  6
 9  5  9 10
 7  6  8 11
 9  4  5  6
 5  7  5 11
 6  8  5  6
11  9  9  4
 9  8  8  8
 9 10 11  6
10  6  4  5
 5 11  8  7
 4 11  7 10
11 10  4  5
 6  6  8  4
 6  7  6  9
 7  8 11  4
 5  6  5  8
11  9 11 10
 6  4  9 10
 8 11  6  5
 4  8  4 11
 5  7 10  8
 9  4  6  7
 8  9 10  6
 6 10  7 10
 4  6  4  7
 5 10  7 11
11  5  5  4
11 10  5  8
11  8  7  9
 7  5  4 10
 7  7 11  7
2x2 solution sets
  0 0 3 0   3  24  26  57
  0 1 0 1  23   4  39  16
  3 0 3 2  13  56   2  28
  0 1 2 2  31  14  21   1
  0 0 0 0   6   7  51  48
  0 0 0 0  19   9  54  55
  0 1 0 1  40  11  33  10
  0 1 0 1  63  17  58   5
  0 0 2 2  62  61  18  22
  0 0 2 2  34  45  25  20
  3 0 3 0  27  35  15  52
  3 0 3 0  12  47   8  46
  0 0 0 0  36  60  37  43 *
  0 0 0 0  42  38  53  49 *
  0 0 0 0  29  32  41  50 *
  0 0 0 0  44  59  30  64 *
One single tile solution to this puzzle - there may be more
   3  24   6   7  19   9  23   4
  26  57  51  48  54  55  39  16
  27  35  36  60  42  38  40  11
  15  52  37  43  53  49  33  10
  12  47  29  32  44  59  63  17
   8  46  41  50  30  64  58   5
  13  56  62  61  34  45  31  14
   2  28  18  22  25  20  21   1
