 8          puzzle size (rows and columns)
 3   8      # border colours  # inside colours
Top Rgt Bot Lft
 0  3  2  0
 0  1  3  0
 0  2  1  0
 0  1  2  0
 0  1 11  3
 0  3  6  1
 0  3  9  1
 0  1  8  2
 0  3 11  1
 0  3  7  3
 0  2  6  3
 0  2  5  3
 0  2  8  2
 0  1  7  2
 0  2  6  2
 0  1 10  2
 0  3  5  3
 0  1 10  1
 0  3  8  2
 0  3 10  2
 0  2  4  1
 0  1 10  3
 0  2 11  1
 0  2  5  2
 0  1  8  3
 0  2  8  1
 0  3 11  3
 0  2  6  1
 8 10  4  5
 9  7  8  5
10  5  7  8
 5 11  4 11
 4  4  7 10
 7  9 10 11
 8  7  8 11
 6  8  7  6
 6 10 11  8
 9 11  6  4
 6  8  9 11
 9  7 11 10
 4  4  4  8
 5  4  9  7
 7  9  5  5
 8  4  5  9
 6  6  5 10
 4 10 10  8
 6 10  9  4
11  6  6  6
 6  8  4  7
 7  7  8  8
10 10  9  7
11  9  4  7
 4  7  6  6
 9  5 10  5
 5 11  7  9
 4  5  9 11
 8 10 11  5
 9  8  5  7
 5  5  6 11
 4  9  6  9
 5  6  4 10
11 11  7  9
 7  6  9  4
 7  5  8 10
2x2 solution sets
  0 0 3 0   3  14   5  34
  0 1 0 1  28   4  45   6
  3 0 3 2  23  39   2   7
  0 1 2 2  33  21  10   1
  0 0 0 0   9  17  62  32
  0 0 0 0  25  18  35  51
  0 1 0 1  59  12  37  20
  0 1 0 1  48  11  49   8
  0 0 2 2  46  64  16  26
  0 0 2 2  54  57  22  27
  3 0 3 0  19  31  13  50
  3 0 3 0  24  29  15  53
  0 0 0 0  43  60  42  47 *
  0 0 0 0  44  38  61  36 *
  0 0 0 0  40  58  52  55 *
  0 0 0 0  41  63  56  30 *
One single tile solution to this puzzle - there may be more
   3  14   9  17  25  18  28   4
   5  34  62  32  35  51  45   6
  19  31  43  60  44  38  59  12
  13  50  42  47  61  36  37  20
  24  29  40  58  41  63  48  11
  15  53  52  55  56  30  49   8
  23  39  46  64  54  57  33  21
   2   7  16  26  22  27  10   1
