 6          puzzle size (rows and columns)
 3   6      # border colours  # inside colours
Top Rgt Bot Lft
 0  2  2  0
 0  3  2  0
 0  3  3  0
 0  1  1  0
 0  3  5  1
 0  2  4  2
 0  1  9  1
 0  2  6  3
 0  2  6  2
 0  3  4  3
 0  2  7  3
 0  2  8  1
 0  2  5  2
 0  1  5  1
 0  3  8  3
 0  3  7  2
 0  1  7  1
 0  1  8  3
 0  1  4  3
 0  3  6  2
 8  5  4  7
 9  8  6  7
 6  6  8  9
 5  6  8  5
 9  6  4  7
 7  4  8  6
 7  4  8  4
 5  7  7  9
 8  5  5  8
 9  7  5  6
 5  8  5  4
 5  9  9  7
 9  4  8  6
 6  9  9  8
 5  7  9  6
 4  6  7  4
2x2 solution sets
  0 0 3 0   4   7  17  25
  0 1 0 1   8   1  23   9
  3 0 3 2  11  21   2   6
  0 1 2 2  27  10  15   3
  0 0 0 0  14   5  35  32
  0 1 0 1  29  13  28  16
  0 0 2 2  24  33  12  18
  3 0 3 0  19  36  20  26
  0 0 0 0  30  22  31  34 *
One single tile solution to this puzzle - there may be more
   4   7  14   5   8   1
  17  25  35  32  23   9
  19  36  30  22  29  13
  20  26  31  34  28  16
  11  21  24  33  27  10
   2   6  12  18  15   3
