 9          puzzle size (rows and columns)
 3   8      # border colours  # inside colours
Top Rgt Bot Lft
 0  1  1  0
 0  3  1  0
 0  3  2  0
 0  1  3  0
 0  2  5  1
 0  3  6  3
 0  2  7  2
 0  3  5  3
 0  3  4  3
 0  1  8  3
 0  2  4  1
 0  2  9  1
 0  3 11  2
 0  1  9  1
 0  2  6  1
 0  3  8  1
 0  2  6  2
 0  3  8  3
 0  3  6  2
 0  1  8  2
 0  2  9  3
 0  3 10  2
 0  3  9  3
 0  1  5  2
 0  2  4  2
 0  1  7  1
 0  1  6  3
 0  2  7  3
 0  2 11  2
 0  1  5  1
 0  1  6  2
 0  2  5  3
 9  4  7 11
 8  4  5  5
 7  5  9  5
11  9  8  6
11  6 10  4
10  5  8 11
 4  6  7  7
 8  9 10  8
11  7  9  9
 5  8  8  7
 6  7 11 10
 6 10  5  4
 9  8  5  8
 4  9 11 11
10 10  6  6
10  8 10 10
10  6  6  4
 9  8 10 10
11  5  4  8
 9 11  7  8
 7  9 10  7
 4  9 11 10
 7 11  4  5
 6 11  6  9
 5  8 10 11
 4 10  9  7
 8  8  4  5
10  4  9  8
 4  5  7  6
11  4  6  5
 8  9  5  6
 8  7  9  6
 7  7  9  7
11  7  8  7
 7 10  5  4
10  6  6  9
10  8 11  5
 4  6  4 10
11 11  4  4
 9  5  8 11
 4  4 10  7
 5 10  7  5
 9  5  7 10
 6  6  4  9
 6 11  4  7
 6  4 11  9
 7 11  9 11
11 10 11  8
 5  8 10  5
2x2 solution sets
  0 0 3 0   1   5  30  74
  0 1 0 1  29   3  37   6
  3 0 3 2   8  35   2  14
  0 1 2 2  49  19  15   4
  0 0 0 0  25  17  54  76
  0 0 0 0  13  27  36  56
  0 1 0 1  48  10  60  11
  0 1 0 1  45  20  42  16
  0 0 2 2  34  44  24  32
  0 0 2 2  70  64   9  23
  3 0 3 0  26  53  31  47
  3 0 3 0   7  77  28  58
  0 0 0 0  41  39  75  55 *
  0 0 0 0  63  78  57  51 *
  0 0 0 0  79  46  50  80 *
  0 0 0 0  68  61  43  65 *
One single tile solution to this puzzle - there may be more
   1   5  25  17  13  27  12  29   3
  30  74  54  76  36  56  33  37   6
  26  53  41  39  63  78  67  48  10
  31  47  75  55  57  51  81  60  11
   7  77  79  46  68  61  69  45  20
  28  58  50  80  43  65  66  42  16
  18  52  38  62  71  72  59  40  21
   8  35  34  44  70  64  73  49  19
   2  14  24  32   9  23  22  15   4
