 6          puzzle size (rows and columns)
 3   6      # border colours  # inside colours
Top Rgt Bot Lft
 0  1  1  0
 0  2  2  0
 0  3  1  0
 0  2  3  0
 0  3  7  2
 0  3  9  1
 0  3  6  2
 0  2  9  1
 0  2  5  3
 0  1  8  2
 0  1  5  1
 0  3  5  3
 0  1  4  3
 0  1  4  2
 0  1  5  2
 0  3  7  1
 0  2  6  3
 0  2  4  2
 0  2  8  3
 0  3  7  3
 9  7  5  8
 7  8  5  8
 4  8  7  6
 6  9  9  9
 4  7  6  7
 9  9  7  8
 5  6  8  4
 7  4  4  4
 8  4  8  5
 9  6  8  6
 5  4  9  6
 6  7  9  6
 7  5  9  6
 5  5  6  5
 5  6  8  7
 8  8  4  7
2x2 solution sets
  0 0 3 0   4  14  20  25
  0 1 0 1   9   2  34  15
  3 0 3 2  12  29   3  10
  0 1 2 2  31  13   6   1
  0 0 0 0  11  16  35  33
  0 1 0 1  24   8  21   5
  0 0 2 2  28  27  18  19
  3 0 3 0   7  32  17  30
  0 0 0 0  36  26  23  22 *
One single tile solution to this puzzle - there may be more
   4  14  11  16   9   2
  20  25  35  33  34  15
   7  32  36  26  24   8
  17  30  23  22  21   5
  12  29  28  27  31  13
   3  10  18  19   6   1
