 7          puzzle size (rows and columns)
 3   6      # border colours  # inside colours
Top Rgt Bot Lft
 0  2  2  0
 0  3  3  0
 0  2  3  0
 0  3  2  0
 0  1  9  1
 0  1  4  2
 0  3  8  2
 0  2  9  3
 0  2  4  3
 0  1  7  1
 0  3  4  2
 0  3  8  3
 0  3  6  3
 0  1  6  1
 0  2  9  1
 0  1  5  2
 0  1  6  3
 0  2  7  2
 0  2  8  3
 0  1  4  1
 0  3  4  1
 0  1  9  2
 0  2  5  1
 0  3  6  1
 8  7  4  6
 9  9  5  5
 4  6  7  9
 7  8  4  5
 8  9  8  5
 5  9  9  7
 6  5  7  9
 7  5  9  5
 5  4  6  7
 7  8  5  9
 9  5  5  5
 9  5  9  8
 4  8  6  8
 5  7  9  5
 9  8  6  8
 4  7  8  8
 9  5  4  6
 6  5  6  8
 7  6  6  6
 6  7  7  8
 7  4  8  9
 4  4  6  7
 4  7  8  4
 6  6  4  4
 4  8  7  7
2x2 solution sets
  0 0 3 0   3  11   7  40
  0 1 0 1  18   1  32  16
  3 0 3 2   8  45   4  19
  0 1 2 2  43  24  17   2
  0 0 0 0   9   6  49  37
  0 1 0 1  26   5  33  20
  0 0 2 2  47  46  12  13
  3 0 3 0  23  29  14  25
  0 0 0 0  34  42  30  31 *
One single tile solution to this puzzle - there may be more
   3  11   9   6  15  18   1
   7  40  49  37  36  32  16
  23  29  34  42  35  26   5
  14  25  30  31  38  33  20
  22  27  41  28  39  44  10
   8  45  47  46  48  43  24
   4  19  12  13  21  17   2
