 6          puzzle size (rows and columns)
 3   6      # border colours  # inside colours
Top Rgt Bot Lft
 0  3  1  0
 0  3  3  0
 0  1  2  0
 0  2  2  0
 0  2  6  3
 0  3  7  3
 0  1  9  2
 0  1  7  3
 0  2  9  1
 0  3  6  3
 0  2  5  3
 0  2  8  2
 0  3  9  2
 0  3  4  1
 0  1  8  3
 0  1  4  1
 0  2  8  1
 0  1  5  2
 0  3  6  1
 0  2  4  2
 4  7  6  5
 4  8  8  8
 9  5  7  5
 9  8  5  5
 9  8  8  4
 8  6  9  6
 4  5  7  5
 9  7  7  4
 7  4  4  6
 7  6  9  5
 7  7  6  9
 6  5  8  6
 8  4  9  7
 5  5  4  7
 7  5  6  8
 6  9  8  6
2x2 solution sets
  0 0 3 0   2   6  13  31
  0 1 0 1  16   1  21   8
  3 0 3 2  14  25   3  17
  0 1 2 2  24  12  18   4
  0 0 0 0  11   7  34  23
  0 1 0 1  36   9  33  20
  0 0 2 2  22  35  15  19
  3 0 3 0   5  32  10  26
  0 0 0 0  27  30  29  28 *
One single tile solution to this puzzle - there may be more
   2   6  11   7  16   1
  13  31  34  23  21   8
   5  32  27  30  36   9
  10  26  29  28  33  20
  14  25  22  35  24  12
   3  17  15  19  18   4
