 6          puzzle size (rows and columns)
 3   6      # border colours  # inside colours
Top Rgt Bot Lft
 0  3  3  0
 0  2  3  0
 0  2  2  0
 0  1  1  0
 0  3  8  3
 0  2  9  2
 0  1  5  2
 0  3  7  2
 0  3  8  1
 0  2  6  3
 0  1  9  1
 0  3  8  2
 0  1  4  3
 0  2  7  2
 0  1  5  1
 0  2  7  3
 0  2  5  3
 0  1  8  1
 0  3  5  1
 0  3  6  2
 4  9  8  4
 5  4  6  5
 8  6  5  8
 4  9  5  9
 9  6  7  6
 8  9  5  7
 7  6  5  7
 4  5  8  6
 6  8  9  6
 5  8  4  6
 8  5  4  6
 7  6  4  8
 4  6  7  9
 9  4  7  9
 5  8  7  9
 7  7  7  4
2x2 solution sets
  0 0 3 0   1   5   8  26
  0 1 0 1  18   4  31  15
  3 0 3 2   6  34   3  16
  0 1 2 2  35  12  14   2
  0 0 0 0  13  11  33  25
  0 1 0 1  28  19  23  10
  0 0 2 2  21  24   9   7
  3 0 3 0  17  22  20  29
  0 0 0 0  36  27  32  30 *
One single tile solution to this puzzle - there may be more
   1   5  13  11  18   4
   8  26  33  25  31  15
  17  22  36  27  28  19
  20  29  32  30  23  10
   6  34  21  24  35  12
   3  16   9   7  14   2
