 7          puzzle size (rows and columns)
 3   6      # border colours  # inside colours
Top Rgt Bot Lft
 0  3  2  0
 0  1  3  0
 0  3  3  0
 0  2  2  0
 0  1  6  3
 0  2  4  2
 0  2  7  1
 0  1  7  1
 0  3  5  1
 0  2  4  1
 0  3  6  2
 0  2  7  3
 0  3  7  2
 0  1  8  1
 0  3  9  2
 0  2  5  3
 0  1  5  3
 0  3  4  3
 0  1  9  1
 0  1  5  2
 0  2  6  3
 0  1  4  2
 0  3  4  1
 0  2  9  1
 6  4  6  9
 4  5  4  9
 9  7  6  5
 4  9  6  5
 5  5  9  8
 8  4  4  5
 8  4  8  7
 8  7  7  5
 8  5  8  7
 6  4  6  5
 8  4  9  9
 6  7  7  4
 4  9  8  4
 6  9  8  7
 7  7  4  9
 8  7  9  7
 8  8  6  4
 7  7  8  6
 6  9  8  4
 5  5  8  9
 9  9  5  7
 8  5  6  7
 5  6  8  5
 6  8  5  6
 9  6  6  9
2x2 solution sets
  0 0 3 0   3  18  15  26
  0 1 0 1  11   2  25  10
  3 0 3 2  16  28   1  21
  0 1 2 2  32  12  13   4
  0 0 0 0  17   8  47  42
  0 1 0 1  34  22  48  14
  0 0 2 2  39  40  23  19
  3 0 3 0   6  37   7  33
  0 0 0 0  35  41  27  38 *
One single tile solution to this puzzle - there may be more
   3  18  17   8  24  11   2
  15  26  47  42  45  25  10
   6  37  35  41  29  34  22
   7  33  27  38  49  48  14
  20  30  36  31  43  44   9
  16  28  39  40  46  32  12
   1  21  23  19   5  13   4
