 6          puzzle size (rows and columns)
 3   6      # border colours  # inside colours
Top Rgt Bot Lft
 0  2  3  0
 0  2  1  0
 0  1  3  0
 0  1  2  0
 0  2  8  1
 0  1  4  1
 0  3  4  2
 0  3  9  2
 0  3  6  2
 0  3  7  1
 0  3  8  1
 0  2  5  1
 0  1  5  2
 0  2  8  2
 0  1  8  3
 0  1  6  3
 0  3  6  3
 0  3  4  3
 0  2  6  2
 0  2  5  3
 6  8  4  7
 9  5  4  9
 4  9  6  7
 4  4  8  7
 6  9  4  4
 8  8  5  5
 5  8  6  5
 5  7  9  5
 7  5  9  8
 5  7  6  8
 6  8  6  7
 9  4  6  7
 9  7  5  9
 7  7  6  6
 4  7  7  8
 9  5  9  8
2x2 solution sets
  0 0 3 0   4  12  20  27
  0 1 0 1  10   1  29  13
  3 0 3 2  19  34   2  16
  0 1 2 2  24  18   5   3
  0 0 0 0   8  15  36  26
  0 1 0 1  32   6  21  11
  0 0 2 2  31  30  17   9
  3 0 3 0   7  25  14  35
  0 0 0 0  22  28  23  33 *
One single tile solution to this puzzle - there may be more
   4  12   8  15  10   1
  20  27  36  26  29  13
   7  25  22  28  32   6
  14  35  23  33  21  11
  19  34  31  30  24  18
   2  16  17   9   5   3
