 6          puzzle size (rows and columns)
 3   6      # border colours  # inside colours
Top Rgt Bot Lft
 0  1  2  0
 0  2  2  0
 0  1  3  0
 0  3  3  0
 0  3  9  2
 0  2  8  3
 0  1  5  2
 0  2  5  1
 0  2  7  1
 0  2  5  3
 0  1  9  3
 0  1  7  1
 0  3  4  3
 0  3  8  3
 0  3  4  1
 0  1  4  2
 0  3  9  1
 0  2  5  2
 0  3  6  1
 0  2  4  2
 8  7  9  9
 5  5  6  7
 6  7  8  7
 6  5  6  6
 6  6  8  6
 6  4  7  4
 4  4  4  9
 9  5  4  8
 7  4  6  8
 8  9  5  5
 5  5  7  9
 8  7  4  7
 9  9  8  5
 8  8  8  5
 7  7  6  8
 6  9  6  7
2x2 solution sets
  0 0 3 0   1  12   6  35
  0 1 0 1  10   2  31  18
  3 0 3 2  14  28   4  15
  0 1 2 2  26  13   9   3
  0 0 0 0   8   5  22  33
  0 1 0 1  29  16  36  17
  0 0 2 2  30  27   7  20
  3 0 3 0  19  25  11  21
  0 0 0 0  24  34  23  32 *
One single tile solution to this puzzle - there may be more
   1  12   8   5  10   2
   6  35  22  33  31  18
  19  25  24  34  29  16
  11  21  23  32  36  17
  14  28  30  27  26  13
   4  15   7  20   9   3
