 7          puzzle size (rows and columns)
 3   6      # border colours  # inside colours
Top Rgt Bot Lft
 0  1  1  0
 0  1  3  0
 0  1  2  0
 0  2  1  0
 0  2  4  3
 0  1  9  1
 0  1  9  2
 0  3  4  3
 0  3  5  3
 0  3  6  2
 0  2  5  3
 0  2  4  2
 0  2  4  1
 0  3  7  1
 0  1  6  1
 0  3  9  1
 0  2  6  2
 0  3  9  2
 0  1  8  3
 0  1  9  3
 0  2  9  3
 0  2  7  2
 0  3  5  1
 0  3  7  2
 5  7  6  6
 8  8  5  9
 5  8  7  8
 7  5  8  4
 7  5  6  8
 6  6  6  8
 8  9  8  8
 7  6  7  4
 4  5  5  8
 5  9  9  5
 6  4  6  9
 9  8  5  4
 5  6  7  9
 4  4  8  5
 7  4  6  5
 9  8  5  6
 7  9  7  7
 5  4  4  4
 5  9  7  4
 6  7  7  4
 8  8  4  7
 6  4  9  8
 6  7  8  4
 7  9  5  9
 6  8  6  9
2x2 solution sets
  0 0 3 0   3   6   5  36
  0 1 0 1   9   2  43  16
  3 0 3 2  23  34   1  20
  0 1 2 2  41   7  24   4
  0 0 0 0  15  14  46  28
  0 1 0 1  29  11  30  17
  0 0 2 2  35  42  10  13
  3 0 3 0  18  37  12  32
  0 0 0 0  40  31  25  45 *
One single tile solution to this puzzle - there may be more
   3   6  15  14   8   9   2
   5  36  46  28  38  43  16
  18  37  40  31  26  29  11
  12  32  25  45  27  30  17
  21  48  49  33  39  44  22
  23  34  35  42  47  41   7
   1  20  10  13  19  24   4
