 8          puzzle size (rows and columns)
 3   8      # border colours  # inside colours
Top Rgt Bot Lft
 0  1  1  0
 0  3  3  0
 0  3  2  0
 0  1  2  0
 0  3  9  3
 0  2  5  2
 0  2  9  1
 0  2 10  1
 0  3  8  3
 0  3  9  2
 0  1  7  2
 0  2  5  3
 0  2 11  3
 0  3  9  1
 0  3  7  2
 0  3  6  1
 0  2  8  1
 0  1  7  3
 0  2  9  3
 0  1  8  3
 0  2  4  3
 0  2 11  1
 0  3  5  2
 0  1  9  2
 0  1 11  2
 0  2  7  1
 0  1  7  1
 0  1  5  2
11 10  7  6
 8  6  6  9
 7 10  6  6
 9  6  4  9
 5 11  7 10
 5  6  5 10
 6  6  8  5
 4  9  5  5
 5 11 10  9
 6  8  7  7
 4  5  4  4
 9  8  8 11
10 11  7 11
 6  4  8 11
 4  6  6 11
 5  4  4  5
10  9  5  4
 5  9  9 10
 8 10  6  8
 8  8  6  5
10  4 11 10
11 11 10  4
 6  7  7  8
 8  9  8 11
 4 10  7 11
 7  4  8  8
 8  4  5 10
 7  5  4  7
 4  7 10  4
 7 11 10  9
 6 10  4  7
 5  9  7  6
 5  9 11  7
11  8  5  8
 9  6 10  6
10  8 11  6
2x2 solution sets
  0 0 3 0   2   9  10  30
  0 1 0 1  28   1  34  16
  3 0 3 2  18  38   3  26
  0 1 2 2  52   7  17   4
  0 0 0 0  19  23  63  60
  0 0 0 0   5  13  32  29
  0 1 0 1  44  21  36  24
  0 1 0 1  46  14  40  20
  0 0 2 2  51  61  27  25
  0 0 2 2  37  41   8  11
  3 0 3 0   6  35  12  48
  3 0 3 0  15  59  22  43
  0 0 0 0  64  54  62  47 *
  0 0 0 0  57  56  49  39 *
  0 0 0 0  33  42  31  55 *
  0 0 0 0  50  53  45  58 *
One single tile solution to this puzzle - there may be more
   2   9  19  23   5  13  28   1
  10  30  63  60  32  29  34  16
   6  35  64  54  57  56  44  21
  12  48  62  47  49  39  36  24
  15  59  33  42  50  53  46  14
  22  43  31  55  45  58  40  20
  18  38  51  61  37  41  52   7
   3  26  27  25   8  11  17   4
