 6          puzzle size (rows and columns)
 3   6      # border colours  # inside colours
Top Rgt Bot Lft
 0  3  3  0
 0  2  1  0
 0  1  3  0
 0  3  2  0
 0  2  7  1
 0  2  8  3
 0  3  5  3
 0  2  6  3
 0  3  4  2
 0  1  8  2
 0  2  5  2
 0  2  5  3
 0  3  7  2
 0  1  5  1
 0  3  6  1
 0  1  7  1
 0  1  5  2
 0  1  4  1
 0  3  8  2
 0  2  9  3
 4  7  7  7
 5  6  6  9
 5  9  8  8
 6  8  8  7
 5  6  4  6
 4  4  8  8
 9  7  7  8
 7  6  5  9
 4  9  5  9
 4  4  9  7
 9  8  5  5
 8  9  9  8
 8  6  4  9
 7  5  7  6
 6  5  6  6
 6  7  4  4
2x2 solution sets
  0 0 3 0   3  15  13  24
  0 1 0 1   7   1  22   8
  3 0 3 2  20  28   4  11
  0 1 2 2  26  18  10   2
  0 0 0 0  12   9  23  29
  0 1 0 1  35  17  36  16
  0 0 2 2  34  31   5  14
  3 0 3 0   6  32  19  27
  0 0 0 0  33  25  21  30 *
One single tile solution to this puzzle - there may be more
   3  15  12   9   7   1
  13  24  23  29  22   8
   6  32  33  25  35  17
  19  27  21  30  36  16
  20  28  34  31  26  18
   4  11   5  14  10   2
