 9          puzzle size (rows and columns)
 3   8      # border colours  # inside colours
Top Rgt Bot Lft
 0  3  2  0
 0  2  1  0
 0  3  1  0
 0  1  3  0
 0  1  7  1
 0  2  5  3
 0  1  6  3
 0  1 11  2
 0  2  5  2
 0  3  6  2
 0  1 10  1
 0  2 11  1
 0  2  8  1
 0  3  8  3
 0  2 11  2
 0  2 11  3
 0  3  4  1
 0  2  8  3
 0  3  6  3
 0  2  7  1
 0  2  7  2
 0  3  8  2
 0  3  9  3
 0  1  7  2
 0  1 11  3
 0  3  9  2
 0  1  4  2
 0  1  5  2
 0  3  4  3
 0  1  5  3
 0  3  8  1
 0  2  4  1
 4  9 11  8
 8 11 11  5
 7  5 11  9
 8  4  8 11
 6  9  8  6
 7  4  8  7
11  5  7  8
10  5 10 11
 4  6 10  7
11 11  5  7
 9  8  7  9
10  5 10  9
 5  6  8  8
 4  7  5 10
 5  7  8  9
 6  4  7 10
 5  9  4  7
 9 10  4  7
11  8  9  5
 7  9  8  7
 6  9 10 10
 7  9  7  6
 6 10  4  6
 4 11  5 11
 8  6  4  5
 6  5  6  9
 4  4  7 11
 4  7  7  4
10  8  9 11
10  7  6 10
 4  8  8  6
11  5  4  8
 5  9 10 10
10  8  6  4
 5  9  4  6
 9 11 10 11
10 10  9 11
 4  7 10  5
 7  6  9  8
10 11  5  4
 8 11  6  9
 7  5  5  5
 9  4  6 11
10 10  6  4
 6 11 10  9
 8  6  9  9
 5  6  7  5
10  8 10  6
 6 11  4  9
2x2 solution sets
  0 0 3 0   1  29  20  41
  0 1 0 1   7   2  48  27
  3 0 3 2  31  71   4  26
  0 1 2 2  58  30  19   3
  0 0 0 0   6  24  67  35
  0 0 0 0  12   9  51  45
  0 1 0 1  38  17  73  16
  0 1 0 1  77  15  80  22
  0 0 2 2  63  39  13   5
  0 0 2 2  74  79  28  21
  3 0 3 0   8  40  32  76
  3 0 3 0  11  53  25  61
  0 0 0 0  70  42  62  49 *
  0 0 0 0  68  36  44  57 *
  0 0 0 0  81  56  33  47 *
  0 0 0 0  69  46  50  65 *
One single tile solution to this puzzle - there may be more
   1  29   6  24  12   9  10   7   2
  20  41  67  35  51  45  55  48  27
   8  40  70  42  68  36  60  38  17
  32  76  62  49  44  57  54  73  16
  11  53  81  56  69  46  52  77  15
  25  61  33  47  50  65  78  80  22
  23  43  64  34  59  72  75  66  14
  31  71  63  39  74  79  37  58  30
   4  26  13   5  28  21  18  19   3
