 6          puzzle size (rows and columns)
 3   6      # border colours  # inside colours
Top Rgt Bot Lft
 0  1  2  0
 0  2  2  0
 0  3  1  0
 0  3  3  0
 0  1  6  1
 0  1  9  3
 0  1  5  2
 0  2  4  3
 0  3  4  3
 0  2  9  1
 0  3  6  1
 0  3  4  1
 0  2  6  2
 0  2  8  2
 0  1  4  3
 0  1  7  2
 0  2  8  1
 0  3  7  3
 0  2  5  2
 0  3  6  3
 7  9  5  6
 5  4  7  7
 5  7  5  5
 7  6  8  4
 5  8  6  4
 6  9  7  8
 7  4  5  7
 6  4  8  4
 8  8  7  9
 5  9  6  9
 7  4  5  6
 8  5  6  9
 8  9  6  8
 5  9  8  4
 8  8  6  9
 5  7  7  9
2x2 solution sets
  0 0 3 0   2  16  13  21
  0 1 0 1   7   3  22   9
  3 0 3 2   6  29   4  18
  0 1 2 2  35  14   5   1
  0 0 0 0  17  19  32  23
  0 1 0 1  27  15  34  10
  0 0 2 2  33  30  20  11
  3 0 3 0   8  25  12  28
  0 0 0 0  26  36  24  31 *
One single tile solution to this puzzle - there may be more
   2  16  17  19   7   3
  13  21  32  23  22   9
   8  25  26  36  27  15
  12  28  24  31  34  10
   6  29  33  30  35  14
   4  18  20  11   5   1
