 8          puzzle size (rows and columns)
 3   8      # border colours  # inside colours
Top Rgt Bot Lft
 0  1  3  0
 0  3  3  0
 0  2  1  0
 0  3  2  0
 0  2  7  2
 0  3  5  2
 0  2  7  3
 0  1 11  2
 0  1 10  1
 0  2 11  2
 0  2  4  3
 0  3 10  2
 0  1  7  2
 0  1  6  3
 0  3  9  1
 0  3  6  2
 0  1  6  2
 0  2 11  1
 0  1  7  1
 0  3 11  1
 0  2  9  2
 0  2 11  3
 0  2  6  1
 0  3  7  1
 0  2  8  3
 0  1  4  1
 0  1  5  3
 0  3  6  3
 8  8 11  5
 6  6 10  6
10  9  7  8
 7  5  5  6
 5  8  4  7
 4  5  5  9
 4  7  9 11
10  4 11 10
 8  4  7  4
 5 11  5  8
11  6  8  5
 8 10  6  7
 9  8  5 11
10  6  9 10
 8  9  7  8
 6 10 10  9
 6  9  4  6
11  4  5  9
 5  4 10  7
 4 11 10  9
 4  6  8  5
 9 11  5  6
11 10  9 10
 7  9  4 10
 5  4  8 11
 6  8  5 10
 8  7 11 11
 5  6  4  9
 9  7  6  6
 9 11  8  4
 5  5  4  4
 8 10  8  6
10  7  7 11
10  5  9  4
 7  7  8  8
 7  9  7  8
2x2 solution sets
  0 0 3 0   1  23  28  45
  0 1 0 1  12   2  62  27
  3 0 3 2  25  43   4   7
  0 1 2 2  57  13  17   3
  0 0 0 0  16  14  44  54
  0 0 0 0  24  22  64  46
  0 1 0 1  58  20  37  11
  0 1 0 1  52  21  35   5
  0 0 2 2  34  29   6  18
  0 0 2 2  31  56  19  26
  3 0 3 0  15  48   9  42
  3 0 3 0   8  41  10  53
  0 0 0 0  61  33  32  49 *
  0 0 0 0  63  47  60  36 *
  0 0 0 0  38  55  59  39 *
  0 0 0 0  40  51  30  50 *
One single tile solution to this puzzle - there may be more
   1  23  16  14  24  22  12   2
  28  45  44  54  64  46  62  27
  15  48  61  33  63  47  58  20
   9  42  32  49  60  36  37  11
   8  41  38  55  40  51  52  21
  10  53  59  39  30  50  35   5
  25  43  34  29  31  56  57  13
   4   7   6  18  19  26  17   3
