 8          puzzle size (rows and columns)
 3   8      # border colours  # inside colours
Top Rgt Bot Lft
 0  1  3  0
 0  1  1  0
 0  3  2  0
 0  2  2  0
 0  3  6  2
 0  2  8  2
 0  3  7  1
 0  1  4  3
 0  1  9  2
 0  2 10  2
 0  3  6  1
 0  2  7  1
 0  3  9  3
 0  2 11  3
 0  2 10  3
 0  2  8  3
 0  1  7  1
 0  2  4  1
 0  1 11  1
 0  3  7  3
 0  2  9  3
 0  1  7  2
 0  2 11  2
 0  1 11  2
 0  3 10  3
 0  1  8  1
 0  3 10  2
 0  3 10  1
 6  7  5  6
10  6  6  9
 9  9  4  8
 4  6  8 11
 5  5 10  4
 4  6  9  6
11  7 11  6
 6  8  7  7
 4  5  4  6
11  8  9  6
 4  8 11  9
11 10  8  4
 7  9  4  7
 9  9  6  5
11  4  8  8
 7 10  5  6
11  6  5  5
 7  5 11  6
 7  8 11  8
 8 10  4 10
 6  6 10  9
 7  5 11 10
 5 10 11  4
 5  6  4  5
 8 10  7  8
 7  8 10  8
 8  8  5  9
11  5  7  8
 4  9  6 10
 5  9  9  7
 5  6  5  5
11 11  7  8
 4  4 10  4
 9  4 11  5
 9  5  7 10
10  9  7  5
2x2 solution sets
  0 0 3 0   4  24   6  56
  0 1 0 1  22   2  47  26
  3 0 3 2   8  61   3  15
  0 1 2 2  64  13  17   1
  0 0 0 0  19  12  45  46
  0 0 0 0   9  18  42  39
  0 1 0 1  40  28  48  25
  0 1 0 1  57  21  49   5
  0 0 2 2  33  62  27  23
  0 0 2 2  51  63  14   7
  3 0 3 0  10  50  16  60
  3 0 3 0  20  41  11  37
  0 0 0 0  52  35  32  38 *
  0 0 0 0  36  43  54  53 *
  0 0 0 0  55  31  59  34 *
  0 0 0 0  30  44  29  58 *
One single tile solution to this puzzle - there may be more
   4  24  19  12   9  18  22   2
   6  56  45  46  42  39  47  26
  10  50  52  35  36  43  40  28
  16  60  32  38  54  53  48  25
  20  41  55  31  30  44  57  21
  11  37  59  34  29  58  49   5
   8  61  33  62  51  63  64  13
   3  15  27  23  14   7  17   1
