 8          puzzle size (rows and columns)
 3   8      # border colours  # inside colours
Top Rgt Bot Lft
 0  3  2  0
 0  2  2  0
 0  3  1  0
 0  2  3  0
 0  2 11  3
 0  3 11  2
 0  3  7  2
 0  3  7  1
 0  2  4  1
 0  3  6  3
 0  1 10  3
 0  1  9  3
 0  2  9  1
 0  3  4  2
 0  3  9  2
 0  2 10  3
 0  1 10  1
 0  3  6  2
 0  1  8  1
 0  2  5  1
 0  1  6  3
 0  2  8  2
 0  1  4  1
 0  2  7  1
 0  1  8  3
 0  1 11  2
 0  1  5  2
 0  2  5  3
 4  8  9  7
 6  9 11  7
 9  9  7  8
 5 10  6  4
 4 11 11  8
10  7  4 11
 5  8 11  4
11  4 10  8
 5  6  9 10
 9  8  4  8
 8  6  4  4
 6  6  7  7
11  6 10  8
11  7  5  5
10  7  5  5
10  8  8  9
 6  6 11  6
 5  7  9 11
11 10  4  7
 8  4 10  4
 8  6  6  6
 7  6  8  6
11  4 10 10
 8  9  6 11
 5 10  9  6
10  5  9  4
 5 11 10  9
10  8  8  7
 9  7  5  7
10  9  5  8
 4  5  7  7
 5 11  9 10
 6  4  8  5
 9  7  6  9
11  5  5  7
 7  4 11  5
2x2 solution sets
  0 0 3 0   1  16  28  43
  0 1 0 1  22   2  49  18
  3 0 3 2   7  59   4   8
  0 1 2 2  53  11  12   3
  0 0 0 0   6   5  47  51
  0 0 0 0  27  20  32  37
  0 1 0 1  40  10  50  21
  0 1 0 1  48   9  58  15
  0 0 2 2  64  54  26  13
  0 0 2 2  61  39  19  23
  3 0 3 0  14  35  24  63
  3 0 3 0  17  60  25  38
  0 0 0 0  33  34  42  29 *
  0 0 0 0  30  62  41  45 *
  0 0 0 0  46  57  31  55 *
  0 0 0 0  56  36  52  44 *
One single tile solution to this puzzle - there may be more
   1  16   6   5  27  20  22   2
  28  43  47  51  32  37  49  18
  14  35  33  34  30  62  40  10
  24  63  42  29  41  45  50  21
  17  60  46  57  56  36  48   9
  25  38  31  55  52  44  58  15
   7  59  64  54  61  39  53  11
   4   8  26  13  19  23  12   3
