 7          puzzle size (rows and columns)
 3   6      # border colours  # inside colours
Top Rgt Bot Lft
 0  3  3  0
 0  2  1  0
 0  1  2  0
 0  2  3  0
 0  1  9  3
 0  2  4  2
 0  3  9  1
 0  1  6  2
 0  1  8  1
 0  2  9  1
 0  2  5  2
 0  2  6  3
 0  1  8  2
 0  1  4  2
 0  1  7  1
 0  1  9  2
 0  2  7  3
 0  2  8  1
 0  3  4  3
 0  3  6  1
 0  3  5  3
 0  3  4  1
 0  3  7  2
 0  3  9  3
 7  7  8  8
 9  7  6  7
 8  8  9  4
 5  9  6  8
 5  9  7  9
 6  4  7  6
 5  5  5  6
 6  4  8  4
 5  7  9  9
 5  9  7  7
 8  6  5  4
 6  5  7  5
 9  8  6  4
 8  6  6  8
 4  9  5  6
 7  4  5  4
 7  4  8  6
 9  6  8  4
 8  5  8  7
 5  4  9  5
 7  4  9  9
 8  7  4  4
 9  6  5  5
 6  4  8  5
 6  8  7  7
2x2 solution sets
  0 0 3 0   3   7  11  47
  0 1 0 1   9   2  46  23
  3 0 3 2  17  26   1  20
  0 1 2 2  44  19  16   4
  0 0 0 0  21  12  31  36
  0 1 0 1  39  24  29   5
  0 0 2 2  49  25  15  13
  3 0 3 0  10  33  14  42
  0 0 0 0  34  45  41  37 *
One single tile solution to this puzzle - there may be more
   3   7  21  12   8   9   2
  11  47  31  36  48  46  23
  10  33  34  45  35  39  24
  14  42  41  37  28  29   5
   6  27  38  30  32  40  22
  17  26  49  25  43  44  19
   1  20  15  13  18  16   4
