 7          puzzle size (rows and columns)
 3   6      # border colours  # inside colours
Top Rgt Bot Lft
 0  3  2  0
 0  2  1  0
 0  1  3  0
 0  1  2  0
 0  1  5  3
 0  1  5  2
 0  2  9  1
 0  3  6  1
 0  2  4  3
 0  2  4  1
 0  1  9  3
 0  3  4  2
 0  3  9  2
 0  3  4  1
 0  3  5  2
 0  2  6  1
 0  1  5  1
 0  3  9  3
 0  1  9  2
 0  2  7  3
 0  2  5  2
 0  1  6  3
 0  3  5  3
 0  2  8  1
 4  4  7  7
 8  4  7  9
 8  9  8  6
 6  6  9  7
 7  6  8  8
 7  5  6  6
 7  5  5  7
 5  7  5  8
 6  9  9  4
 8  4  4  4
 6  9  7  8
 9  7  7  5
 7  4  9  6
 9  8  4  8
 5  7  8  8
 5  8  7  7
 4  8  9  5
 4  6  8  5
 9  7  5  4
 8  8  8  4
 5  5  6  9
 9  6  6  6
 6  4  9  7
 8  4  6  9
 7  6  5  4
2x2 solution sets
  0 0 3 0   2  12   6  41
  0 1 0 1   9   4  25  10
  3 0 3 2  20  28   1   7
  0 1 2 2  49   8  17   3
  0 0 0 0   5  16  32  47
  0 1 0 1  31  15  45  23
  0 0 2 2  46  37  22  18
  3 0 3 0  21  36  24  29
  0 0 0 0  40  38  30  42 *
One single tile solution to this puzzle - there may be more
   2  12   5  16  13   9   4
   6  41  32  47  43  25  10
  21  36  40  38  39  31  15
  24  29  30  42  27  45  23
  19  48  33  26  44  35  11
  20  28  46  37  34  49   8
   1   7  22  18  14  17   3
