 8          puzzle size (rows and columns)
 3   8      # border colours  # inside colours
Top Rgt Bot Lft
 0  2  3  0
 0  3  2  0
 0  1  1  0
 0  1  3  0
 0  2  5  2
 0  2  4  3
 0  2  9  2
 0  3 11  3
 0  1  8  1
 0  3  9  3
 0  2  7  1
 0  1  9  2
 0  2 11  3
 0  2  5  1
 0  1  5  2
 0  2 11  1
 0  1  4  2
 0  3  6  1
 0  3  7  2
 0  2  8  2
 0  2 10  3
 0  3  5  2
 0  1  6  1
 0  3  8  3
 0  3 10  2
 0  1  4  3
 0  1  7  1
 0  3  4  1
11 11 11  8
 5  9  6  9
11  8 11  6
11  5  5  7
 7 10  9  6
 6  5 10 11
 6 10 11  4
 7  6  7  8
 8  4  8 10
 4  6  8  8
 9  7  6  7
 4  7  5  8
 5  9 10 11
 4  8  8  9
 4  7  7 10
 8  9 10  4
 4  7  9  9
10  5  4  5
 9  6  6  5
 9  8  8  9
10  6  9 11
 7  8  6  7
10 10  9  6
10  8  7 11
 6 10  5 11
 6  4  7 10
 9  9  6 10
 5  4  5  6
11  5 10  7
 8 11 10  4
11  7  8  5
 5  4 11  4
 7  5  4  4
 8 11  8  7
 6  5  6 10
 6  7  5  9
2x2 solution sets
  0 0 3 0   2  26   7  42
  0 1 0 1  17   3  43  27
  3 0 3 2  23  56   4  22
  0 1 2 2  38  18  20   1
  0 0 0 0  28  13  40  32
  0 0 0 0  12  11  47  33
  0 1 0 1  50   9  63  14
  0 1 0 1  34   5  46  15
  0 0 2 2  44  45  21  10
  0 0 2 2  62  52  24  19
  3 0 3 0   6  58   8  49
  3 0 3 0  25  55  16  53
  0 0 0 0  41  30  51  54 *
  0 0 0 0  64  39  60  35 *
  0 0 0 0  48  36  37  61 *
  0 0 0 0  31  29  59  57 *
One single tile solution to this puzzle - there may be more
   2  26  28  13  12  11  17   3
   7  42  40  32  47  33  43  27
   6  58  41  30  64  39  50   9
   8  49  51  54  60  35  63  14
  25  55  48  36  31  29  34   5
  16  53  37  61  59  57  46  15
  23  56  44  45  62  52  38  18
   4  22  21  10  24  19  20   1
