 8          puzzle size (rows and columns)
 3   8      # border colours  # inside colours
Top Rgt Bot Lft
 0  2  1  0
 0  2  2  0
 0  3  2  0
 0  3  3  0
 0  1  8  3
 0  1 10  1
 0  2  4  3
 0  3  6  2
 0  3  8  3
 0  3  8  1
 0  2 11  3
 0  1  7  1
 0  1  7  2
 0  1 11  2
 0  3  5  1
 0  2 11  2
 0  2  7  3
 0  2  5  2
 0  2  6  3
 0  3  9  2
 0  3  6  3
 0  2  5  3
 0  1  6  2
 0  1  4  1
 0  1 11  1
 0  3  7  1
 0  1  8  1
 0  2  8  2
 7  9 10  7
10 10  5 11
 9  7  8  8
 4  4 10  4
 8  4  7  6
 8  5  5  8
 7 10  4 10
 9  8  5 10
 5  5  9  7
11 10  4  5
 5  4  6  9
 8  9  8 10
11  6  7  7
 8  8  8  4
 6  8  9 10
 5  4 10  4
 9  6  6 11
 8  8  6  9
 7  7  6 11
 5 11  5  4
11  4  9  9
 8 11 11  6
 7  9  5  4
 7  9  8  4
10 10  7  8
 6 11  6  9
 4  9  5  4
10 11  6  6
 9  7 10  6
 4  6  7  7
 5  6 11  9
10  5  9 11
10  7 11  5
 7  6  5 11
 5  9 10 10
 6 11  4  5
2x2 solution sets
  0 0 3 0   2  13  17  29
  0 1 0 1  27   1  42  28
  3 0 3 2   7  48   3  22
  0 1 2 2  47  26  21   4
  0 0 0 0  25  12  49  52
  0 0 0 0  15   5  59  33
  0 1 0 1  40  20  46   9
  0 1 0 1  64  11  58  23
  0 0 2 2  45  50   8  16
  0 0 2 2  62  56  18  19
  3 0 3 0  10  53  24  51
  3 0 3 0   6  63  14  30
  0 0 0 0  36  34  39  44 *
  0 0 0 0  38  35  32  55 *
  0 0 0 0  54  60  43  31 *
  0 0 0 0  61  37  41  57 *
One single tile solution to this puzzle - there may be more
   2  13  25  12  15   5  27   1
  17  29  49  52  59  33  42  28
  10  53  36  34  38  35  40  20
  24  51  39  44  32  55  46   9
   6  63  54  60  61  37  64  11
  14  30  43  31  41  57  58  23
   7  48  45  50  62  56  47  26
   3  22   8  16  18  19  21   4
