 9          puzzle size (rows and columns)
 3   8      # border colours  # inside colours
Top Rgt Bot Lft
 0  1  3  0
 0  2  3  0
 0  2  1  0
 0  2  2  0
 0  3  9  3
 0  2  5  1
 0  1  4  3
 0  3  5  2
 0  3  8  2
 0  3  4  1
 0  3  9  1
 0  1  6  3
 0  2  4  3
 0  3 11  3
 0  1  9  3
 0  3  5  1
 0  1  8  1
 0  2 11  3
 0  1 10  3
 0  3  6  1
 0  2 11  2
 0  2  4  2
 0  1  5  3
 0  3 10  1
 0  3 11  1
 0  1 10  2
 0  2  8  2
 0  1  5  2
 0  3 11  2
 0  2  5  2
 0  1  9  2
 0  2  8  1
 9  4  4 11
 8  9  7  8
11  6  7  6
11 10  9 11
 9 10  9  8
 6  9  4  7
 7  6 10  6
 5  4  6 10
 8  4  7 10
 9 11 11  5
 7  8  7  6
 7 11  4  6
 9  7  9  9
11  6  9  9
 5  4 11 10
10  5  8  6
11  5  8  8
 9  9 10  6
 8  6  5  5
 9  6  9  4
11  6  6 11
 4  5  4 11
 6  9 10  6
 7  6 11  9
 4  5  8  7
 6  4  7  6
 7  8  7  5
 6 10  8  4
 7  7 11 10
 7  8  6  8
10  8 11 11
10  9  7  4
 5  7  8  4
 7 10  5  4
 6 10  9  5
 4  8  5  7
 8 10  9  7
 8  6 11 10
10 11 11  8
11 10  4  6
 4  8 10  5
 7  4  4  5
 5  5  7 10
 7  5  5 11
10  4  7  9
 5  9  7  8
 9  4 11  8
 8  7  5 10
 4 10  6 10
2x2 solution sets
  0 0 3 0   4  26  18  63
  0 1 0 1  23   3  40  22
  3 0 3 2  17  71   1  25
  0 1 2 2  57  16  27   2
  0 0 0 0  11  12  79  60
  0 0 0 0  32  30  41  65
  0 1 0 1  38  31  81  24
  0 1 0 1  55  15  77  10
  0 0 2 2  76  42  28  21
  0 0 2 2  54  67  13   5
  3 0 3 0  20  35  19  61
  3 0 3 0  14  36  29  33
  0 0 0 0  72  70  68  49 *
  0 0 0 0  43  34  59  62 *
  0 0 0 0  75  51  66  47 *
  0 0 0 0  39  58  64  56 *
One single tile solution to this puzzle - there may be more
   4  26  11  12  32  30   9  23   3
  18  63  79  60  41  65  69  40  22
  20  35  72  70  43  34  45  38  31
  19  61  68  49  59  62  37  81  24
  14  36  75  51  39  58  52  55  15
  29  33  66  47  64  56  50  77  10
   6  73  78  46  44  53  48  74   7
  17  71  76  42  54  67  80  57  16
   1  25  28  21  13   5   8  27   2
