 9          puzzle size (rows and columns)
 3   8      # border colours  # inside colours
Top Rgt Bot Lft
 0  2  3  0
 0  2  1  0
 0  1  1  0
 0  3  2  0
 0  1  6  3
 0  3  4  3
 0  3  6  2
 0  1 11  3
 0  3 10  3
 0  2  9  2
 0  2  8  1
 0  1 11  1
 0  1  5  3
 0  1  8  2
 0  3  7  1
 0  2 11  2
 0  2  8  2
 0  2  7  1
 0  3 10  1
 0  3  4  2
 0  3  5  3
 0  3  7  2
 0  3  8  2
 0  3  9  2
 0  2  8  3
 0  2 10  1
 0  1  9  1
 0  2  4  3
 0  1  8  3
 0  1  7  2
 0  2  5  1
 0  1  7  3
10  8  9  9
 7  5 11  7
 8 10  9  5
 7 10  7  5
11  9  6  7
 4  8  5 11
11  8 10 11
 8  7  8 11
 7  5  6  6
 4  8  9  6
 4  5 10  5
 7  6  9  7
 5  6  7  5
 8  4 11 11
10  6  5 10
 4  4 10 10
 7  6  5  4
 8  7  4  6
 6 10  7  8
 7  7  4  9
 9  9  5  4
 9  5  5  9
 9 11  9  6
 5  5  4 11
 9 11 10  4
 5 11  5  8
 8  7  6  6
 6  8  8  8
 4 10  8 10
10  4  8  8
 5 11  9  7
10  9 10 11
 6 11 10 10
11  9  8  5
 5 10  8 10
 9 11  4  5
 4  7  4 10
 9  4  5  4
 6 11 10  4
11  4  7  9
 5 11  6  8
11  4 11  7
 6 10  5  9
10  6  4  7
10  6  8 11
 9  6 11  6
11  7  6  9
 4  9  4  6
 6  6  9  7
2x2 solution sets
  0 0 3 0   4   5  17  51
  0 1 0 1  24   1  55  16
  3 0 3 2  14  58   2  13
  0 1 2 2  39  29  19   3
  0 0 0 0  26  22  47  41
  0 0 0 0   8  12  66  72
  0 1 0 1  78   7  74  28
  0 1 0 1  79  30  60  11
  0 0 2 2  77  42  23  10
  0 0 2 2  62  70  25  21
  3 0 3 0  31  36  32  44
  3 0 3 0   6  53  15  63
  0 0 0 0  67  65  59  76 *
  0 0 0 0  40  34  50  37 *
  0 0 0 0  75  61  56  35 *
  0 0 0 0  69  81  48  57 *
One single tile solution to this puzzle - there may be more
   4   5  26  22   8  12  18  24   1
  17  51  47  41  66  72  49  55  16
  31  36  67  65  40  34  45  78   7
  32  44  59  76  50  37  52  74  28
   6  53  75  61  69  81  80  79  30
  15  63  56  35  48  57  38  60  11
  27  54  43  68  64  33  73  46  20
  14  58  77  42  62  70  71  39  29
   2  13  23  10  25  21   9  19   3
