 8          puzzle size (rows and columns)
 3   8      # border colours  # inside colours
Top Rgt Bot Lft
 0  3  1  0
 0  1  1  0
 0  1  2  0
 0  2  3  0
 0  3  4  1
 0  3  6  3
 0  1 11  2
 0  3  5  1
 0  1 10  3
 0  2 10  1
 0  1  7  2
 0  1 11  1
 0  3  5  2
 0  2  8  2
 0  2 10  2
 0  2  7  3
 0  3  9  3
 0  1  4  2
 0  2  8  1
 0  1  7  1
 0  2 11  3
 0  3  4  3
 0  3  8  2
 0  2  9  2
 0  2  8  3
 0  2 10  3
 0  3 11  2
 0  1  5  1
 8  6 11  7
10  8  7  8
 4  7 10  6
 4  8 10  4
 6  8 10  9
11  5  4  6
 7  4 11  4
 6  5 11  8
11  9  6 11
10  7 11  7
 9  9  6  7
 8  9  4  7
11  5  5  4
10  6  9  8
10  6  7  5
 5 11 10  8
 5  9  5 11
11  7  6  9
11  4  7  6
11  8  5  9
 7  8  5  9
 7 11  8  6
 9  7  4  8
 6  5 10  9
10  5  9  9
 6  4  8  5
 6  5  6  8
10 11 11  4
 9 10  6  7
 6 10  6  4
 4  4  9  8
 7  6 10 10
 7  7  5  9
 5  4  8  5
 5  9  7  4
10  8  6  5
2x2 solution sets
  0 0 3 0   2   5  18  32
  0 1 0 1  10   3  64  19
  3 0 3 2  14  51   4  22
  0 1 2 2  55  28   6   1
  0 0 0 0  26   7  42  47
  0 0 0 0  20  12  35  41
  0 1 0 1  58  15  52  13
  0 1 0 1  56  21  46  11
  0 0 2 2  29  50  27  25
  0 0 2 2  45  33   8   9
  3 0 3 0  16  38  17  48
  3 0 3 0  23  44  24  53
  0 0 0 0  57  60  36  43 *
  0 0 0 0  34  62  31  40 *
  0 0 0 0  37  49  54  63 *
  0 0 0 0  30  59  61  39 *
One single tile solution to this puzzle - there may be more
   2   5  26   7  20  12  10   3
  18  32  42  47  35  41  64  19
  16  38  57  60  34  62  58  15
  17  48  36  43  31  40  52  13
  23  44  37  49  30  59  56  21
  24  53  54  63  61  39  46  11
  14  51  29  50  45  33  55  28
   4  22  27  25   8   9   6   1
