 8          puzzle size (rows and columns)
 3   8      # border colours  # inside colours
Top Rgt Bot Lft
 0  3  1  0
 0  3  2  0
 0  2  2  0
 0  1  3  0
 0  1 11  3
 0  2  4  3
 0  3  8  2
 0  1  4  2
 0  2  4  1
 0  2 11  3
 0  2  6  2
 0  3  5  1
 0  1  7  2
 0  2  9  2
 0  1  5  3
 0  1  6  2
 0  1 11  1
 0  2  7  1
 0  3 10  1
 0  3 10  2
 0  1  6  1
 0  3  4  2
 0  2 10  3
 0  3  8  3
 0  2  9  3
 0  2  6  1
 0  1  5  1
 0  3  5  3
 9  5  4  4
 6  7  7  6
 7  5  5  4
 8  8  6 10
 4  7  5  6
10  9  5 10
 4  8  8 11
 7  8  9  5
10  5  4 10
 8  7  4  8
 5  9  9  9
 4 10  7  5
 9  4  9  8
 6  6 10  7
 5 10 10  6
 9  5 10  9
 9 10 11  8
 8  4 11  8
11  9  9  6
 4  6  7  5
 8 10  8  8
 5  6  8  6
11 11  6  9
 9  7  8  7
 4  7  7  5
 7  6  4  7
 5  8  6  7
 9  8  4 10
 6 11  4  9
11  5  8 11
 7 11  4  5
10 11 11 10
11 10 11 11
11  6  7  7
 6  9 11  7
10  8  5  6
2x2 solution sets
  0 0 3 0   1   5  13  62
  0 1 0 1  25   3  41   8
  3 0 3 2  15  59   2   6
  0 1 2 2  32  24  21   4
  0 0 0 0  26  14  30  52
  0 0 0 0  11  20  42  64
  0 1 0 1  44  27  60  17
  0 1 0 1  61  19  58  28
  0 0 2 2  35  46   7  10
  0 0 2 2  29  40  22  18
  3 0 3 0   9  31  16  43
  3 0 3 0  23  37  12  53
  0 0 0 0  36  49  56  38 *
  0 0 0 0  34  39  55  45 *
  0 0 0 0  48  33  54  50 *
  0 0 0 0  63  51  47  57 *
One single tile solution to this puzzle - there may be more
   1   5  26  14  11  20  25   3
  13  62  30  52  42  64  41   8
   9  31  36  49  34  39  44  27
  16  43  56  38  55  45  60  17
  23  37  48  33  63  51  61  19
  12  53  54  50  47  57  58  28
  15  59  35  46  29  40  32  24
   2   6   7  10  22  18  21   4
