 6          puzzle size (rows and columns)
 3   6      # border colours  # inside colours
Top Rgt Bot Lft
 0  2  2  0
 0  1  3  0
 0  2  1  0
 0  2  3  0
 0  1  7  2
 0  2  6  1
 0  3  9  2
 0  3  6  2
 0  3  5  1
 0  2  7  3
 0  3  6  3
 0  1  6  2
 0  2  4  1
 0  3  5  3
 0  3  4  2
 0  1  6  3
 0  2  5  2
 0  1  9  3
 0  3  7  1
 0  1  8  1
 6  4  9  8
 6  7  8  6
 6  9  4  4
 5  8  8  7
 9  5  5  7
 5  6  6  4
 9  7  9  6
 7  8  9  4
 5  4  9  5
 4  7  7  8
 8  8  7  4
 8  4  9  8
 9  4  8  5
 7  5  5  7
 8  6  5  9
 7  8  6  5
2x2 solution sets
  0 0 3 0   4   5  15  28
  0 1 0 1   8   2  22  19
  3 0 3 2  12  27   3  18
  0 1 2 2  32  13   7   1
  0 0 0 0   6  17  21  26
  0 1 0 1  35  16  24  20
  0 0 2 2  34  36  14  11
  3 0 3 0  10  25   9  29
  0 0 0 0  33  23  31  30 *
One single tile solution to this puzzle - there may be more
   4   5   6  17   8   2
  15  28  21  26  22  19
  10  25  33  23  35  16
   9  29  31  30  24  20
  12  27  34  36  32  13
   3  18  14  11   7   1
