 7          puzzle size (rows and columns)
 3   6      # border colours  # inside colours
Top Rgt Bot Lft
 0  1  2  0
 0  2  3  0
 0  3  3  0
 0  1  1  0
 0  3  4  2
 0  2  7  2
 0  2  4  1
 0  1  5  2
 0  2  4  3
 0  1  7  1
 0  3  6  2
 0  1  6  2
 0  2  8  1
 0  2  7  1
 0  1  9  1
 0  2  9  3
 0  2  6  2
 0  1  5  3
 0  3  8  2
 0  3  6  3
 0  3  8  3
 0  3  4  1
 0  3  9  1
 0  1  8  3
 6  7  9  4
 6  4  6  8
 7  7  4  5
 8  5  5  9
 6  7  9  6
 5  5  8  5
 7  9  6  8
 7  6  5  5
 6  6  8  4
 4  7  4  9
 9  5  6  9
 8  8  7  8
 5  5  9  7
 9  4  8  5
 5  7  4  7
 4  6  7  7
 8  8  6  4
 9  5  4  5
 6  8  8  7
 9  9  4  8
 6  9  5  4
 5  9  9  5
 6  7  8  9
 8  4  9  6
 4  4  7  7
2x2 solution sets
  0 0 3 0   2  17  19  26
  0 1 0 1  12   4  29  10
  3 0 3 2  15  34   1   9
  0 1 2 2  33  20  21   3
  0 0 0 0  11  18  25  37
  0 1 0 1  38  22  36  24
  0 0 2 2  39  40   5   6
  3 0 3 0   7  45   8  46
  0 0 0 0  35  42  47  49 *
One single tile solution to this puzzle - there may be more
   2  17  11  18  14  12   4
  19  26  25  37  32  29  10
   7  45  35  42  30  38  22
   8  46  47  49  41  36  24
  13  44  28  27  43  31  23
  15  34  39  40  48  33  20
   1   9   5   6  16  21   3
