 9          puzzle size (rows and columns)
 3   8      # border colours  # inside colours
Top Rgt Bot Lft
 0  1  3  0
 0  3  1  0
 0  2  3  0
 0  2  1  0
 0  1 10  1
 0  2  4  1
 0  2  6  3
 0  1  5  3
 0  3  5  2
 0  1  8  1
 0  1 11  2
 0  1 10  2
 0  3  4  2
 0  3  9  3
 0  3 10  2
 0  3  8  1
 0  3 10  1
 0  2  8  2
 0  1  5  2
 0  2  5  1
 0  3  9  2
 0  2 10  2
 0  1 11  3
 0  3 11  2
 0  2  8  3
 0  2  4  2
 0  1  4  3
 0  3  7  1
 0  1  8  3
 0  3  7  3
 0  2  7  1
 0  2  4  3
10  4  4  9
 7 10  8  7
 5 11  8 11
11 11  9 10
10  6  5  7
 7  5  7  6
 6  4  4  6
 5 10  9  5
10  5  8  9
 8 10  4  9
 5  6  4 11
11  6  8  6
 7  4  5  7
 8 11  4  5
 6  9  4  4
 8  9 10  8
 5  4 10 11
 6  7  7  5
10  8 10 10
10  9  6  4
 4  9 11  5
 6  6 10  5
 4  6  6  5
11 11  9  6
11  5  5 11
 5  9  6  6
10  6  8  9
 7  8  6  7
11 11  7  8
 5  5 10  6
 9 11 11  8
 9  8  4  7
 8  5 11 11
 9  7  6  4
 4  9 10  5
 9 10  8  6
 6  5  9  4
11  9  9  7
 6  9  7  6
 7  7  8  9
10  7  7  7
 7  7  8  5
 8 10 11  9
11 10  6  9
 8 11  8 10
 4  6 10  4
 4  8  8  9
 4  9 11  7
 4  7  5 11
2x2 solution sets
  0 0 3 0   1  31  28  60
  0 1 0 1  11   4  76  15
  3 0 3 2  13  69   3  21
  0 1 2 2  68   5  29   2
  0 0 0 0  24   8  61  35
  0 0 0 0   6  12  81  37
  0 1 0 1  39  27  79  10
  0 1 0 1  42  17  80  14
  0 0 2 2  74  64  18  26
  0 0 2 2  48  59  22  25
  3 0 3 0  19  50   7  38
  3 0 3 0  30  45   9  40
  0 0 0 0  34  77  46  65 *
  0 0 0 0  43  62  53  33 *
  0 0 0 0  78  56  51  63 *
  0 0 0 0  57  55  49  47 *
One single tile solution to this puzzle - there may be more
   1  31  24   8   6  12  20  11   4
  28  60  61  35  81  37  58  76  15
  19  50  34  77  43  62  54  39  27
   7  38  46  65  53  33  52  79  10
  30  45  78  56  57  55  71  42  17
   9  40  51  63  49  47  72  80  14
  32  66  73  70  41  67  75  36  23
  13  69  74  64  48  59  44  68   5
   3  21  18  26  22  25  16  29   2
