 8          puzzle size (rows and columns)
 3   8      # border colours  # inside colours
Top Rgt Bot Lft
 0  3  3  0
 0  2  3  0
 0  2  2  0
 0  2  1  0
 0  2  9  1
 0  2  4  1
 0  1  7  2
 0  3  6  1
 0  3  8  1
 0  1  4  1
 0  3  8  3
 0  1 10  2
 0  2 11  2
 0  2 10  2
 0  3  7  2
 0  3  5  3
 0  2  8  2
 0  1  5  1
 0  2 10  3
 0  3  4  3
 0  1  4  2
 0  1  5  3
 0  1  6  3
 0  1  6  1
 0  2  5  1
 0  3  6  2
 0  3 10  3
 0  1 11  2
10  5  7  5
 7  4  4  9
 6  7  6  8
 8 10 11  5
 6 10  4  5
 6 11  9  7
 5  7  7 10
 6 11  9 10
 7  9  7 10
 6  7  5  4
 6 11  4 10
 7  5  8 11
 6  5  5  7
11  5  9  7
10  6  7  8
10 10  8  7
11 10  4  5
 4  7  7 11
 9 11  6  9
 8  7 11  7
 7  4  5  9
 6  4  9  9
 9 10  9  4
 9  9  9  8
 8  8  6  6
 4  6 11 11
 9  8 11  5
11  4  8  4
 5  8 10  6
 9  5  8  5
 8  8 10 11
 5 11 10 11
 7  9  6  6
 4  9  4  8
 8  5  6 10
11  8  8  4
2x2 solution sets
  0 0 3 0   2  13  20  64
  0 1 0 1  27   1  29  22
  3 0 3 2  12  39   3   6
  0 1 2 2  56  10  17   4
  0 0 0 0  26  23  31  41
  0 0 0 0   8  11  33  63
  0 1 0 1  40  18  59   9
  0 1 0 1  44  19  48   7
  0 0 2 2  54  57  28  14
  0 0 2 2  52  30   5  21
  3 0 3 0  16  32  15  42
  3 0 3 0  25  58  24  53
  0 0 0 0  36  60  55  43 *
  0 0 0 0  46  34  61  47 *
  0 0 0 0  45  37  62  49 *
  0 0 0 0  50  38  51  35 *
One single tile solution to this puzzle - there may be more
   2  13  26  23   8  11  27   1
  20  64  31  41  33  63  29  22
  16  32  36  60  46  34  40  18
  15  42  55  43  61  47  59   9
  25  58  45  37  50  38  44  19
  24  53  62  49  51  35  48   7
  12  39  54  57  52  30  56  10
   3   6  28  14   5  21  17   4
