 9          puzzle size (rows and columns)
 3   8      # border colours  # inside colours
Top Rgt Bot Lft
 0  2  1  0
 0  2  2  0
 0  2  3  0
 0  1  2  0
 0  1  4  1
 0  2  7  3
 0  2  4  1
 0  3  5  2
 0  3  6  2
 0  3  8  1
 0  1 11  3
 0  1  7  3
 0  1 10  3
 0  2  7  1
 0  3  7  2
 0  1  8  3
 0  2  8  3
 0  2  8  1
 0  1 11  2
 0  1  4  3
 0  3  6  3
 0  2  5  2
 0  1  9  1
 0  2 10  2
 0  3  6  1
 0  3  7  3
 0  2 10  3
 0  3  8  2
 0  3  7  1
 0  1  5  2
 0  3  5  1
 0  3  4  2
10  4  4 10
 4  6  7  9
10  9  5  8
 6  8  9  9
11  5  4 11
 4  5 11  5
 7 11 10  5
 4  9 10  8
10  9  9  6
 8 11  7 10
 5  4 11  5
 8 10 11  8
 4  8  9  7
10 11  9  6
 6  7  5  8
 6  8  8  8
10 11 11  6
 5  9 10 11
 9  4 11  6
 6  5  6  4
 5  7  4 11
10  5  8  4
 9  8  4  4
 9  7  5  9
 5  6  4  9
 8  7  9  9
11  6  6  7
10  6  6 11
 8 11  7  6
 7  7  6  4
11  9  9 11
11  5  9  8
 5 10  6  8
11  9  5 11
11  7 10  5
 7  5 10  9
10 11  7  7
 7  5 11  9
 4  7  5 11
 4  4 10  8
10  8  6  7
 6  6 10  5
 4  9 10  4
 8 11  7  8
 9  4  4  7
 9  8 10 10
 9  4  7  6
10  6  8 10
 6  6  5  5
2x2 solution sets
  0 0 3 0   4   5  18  40
  0 1 0 1  11   1  37  30
  3 0 3 2   8  81   2  22
  0 1 2 2  43  32  19   3
  0 0 0 0   7  24  34  41
  0 0 0 0   9  16  36  44
  0 1 0 1  71  29  53  12
  0 1 0 1  38  31  59  21
  0 0 2 2  61  63  14  23
  0 0 2 2  57  79  20  26
  3 0 3 0  13  33  15  45
  3 0 3 0  27  78  28  35
  0 0 0 0  62  77  48  72 *
  0 0 0 0  55  64  75  56 *
  0 0 0 0  76  60  68  74 *
  0 0 0 0  46  50  51  54 *
One single tile solution to this puzzle - there may be more
   4   5   7  24   9  16  10  11   1
  18  40  34  41  36  44  42  37  30
  13  33  62  77  55  64  39  71  29
  15  45  48  72  75  56  69  53  12
  27  78  76  60  46  50  70  38  31
  28  35  68  74  51  54  67  59  21
  17  65  80  49  66  58  73  47   6
   8  81  61  63  57  79  52  43  32
   2  22  14  23  20  26  25  19   3
