 9          puzzle size (rows and columns)
 3   8      # border colours  # inside colours
Top Rgt Bot Lft
 0  1  1  0
 0  2  2  0
 0  1  2  0
 0  2  3  0
 0  2  7  1
 0  2  4  2
 0  2  8  3
 0  2  6  3
 0  2  9  1
 0  3  8  3
 0  1  7  1
 0  3  4  1
 0  3  9  1
 0  1 11  1
 0  1 11  3
 0  2  6  2
 0  3  5  2
 0  1  8  1
 0  1  9  3
 0  3  6  2
 0  2  9  3
 0  1  8  2
 0  3 11  3
 0  1  7  2
 0  2  4  3
 0  3  9  3
 0  3  7  2
 0  3  4  2
 0  3 10  2
 0  3  6  3
 0  2 10  1
 0  1  4  1
 9  6  6 10
 6 10  7  8
 5  8  7 11
 4  5 11  5
 4 10 10  6
 8  9  6  9
 4  6  6  6
 9 10  8  8
 7  5 11 10
10  4  4 10
10  4  9  4
 6  8 11 10
 9  5  5  5
11 11  5 10
 5 10  5  9
 5  7  9  8
11  9 10  5
 7  6  4 11
 5  6  4 10
 7  8 10  5
10  7  7  8
 6 10  5  4
10  6  5 11
 8  8  4  9
 7  7  7  9
11 11  9 11
 7  5  8  5
 8  8  6 11
 6  9 11  6
 8  5 10  8
10  9  6  7
 9 11  5  4
11  6  6  5
 4  5  7  7
 4  4  9 11
 9  9  4 10
 6  9  8  8
11 10 11  7
 5  8  7  8
 5 11  8  7
10  7  4 11
 8 11  6  9
 7  5 10  7
 4  4  9  9
 7 10  4  8
 6 10  5  7
11  4  8  4
 4 11  6  9
 5 11  7  6
2x2 solution sets
  0 0 3 0   4  28  23  67
  0 1 0 1   6   2  39  20
  3 0 3 2   5  63   3   8
  0 1 2 2  81  15  11   1
  0 0 0 0  26   7  64  60
  0 0 0 0  24  14  77  46
  0 1 0 1  69  21  62  17
  0 1 0 1  43  25  33  16
  0 0 2 2  74  73  30  12
  0 0 2 2  72  58  22   9
  3 0 3 0  10  40  13  38
  3 0 3 0  18  34  19  57
  0 0 0 0  51  61  76  79 *
  0 0 0 0  80  35  54  41 *
  0 0 0 0  68  56  66  36 *
  0 0 0 0  48  70  45  65 *
One single tile solution to this puzzle - there may be more
   4  28  26   7  24  14  31   6   2
  23  67  64  60  77  46  55  39  20
  10  40  51  61  80  35  71  69  21
  13  38  76  79  54  41  52  62  17
  18  34  68  56  48  70  42  43  25
  19  57  66  36  45  65  37  33  16
  27  75  59  49  47  44  53  78  29
   5  63  74  73  72  58  50  81  15
   3   8  30  12  22   9  32  11   1
