 6          puzzle size (rows and columns)
 3   6      # border colours  # inside colours
Top Rgt Bot Lft
 0  1  3  0
 0  1  2  0
 0  3  2  0
 0  3  1  0
 0  3  6  1
 0  2  7  3
 0  1  9  1
 0  3  4  3
 0  1  9  2
 0  2  8  1
 0  3  6  2
 0  2  6  2
 0  3  5  1
 0  2  9  3
 0  2  5  3
 0  2  4  2
 0  2  7  1
 0  1  5  3
 0  1  8  2
 0  3  9  3
 4  5  7  8
 8  8  8  4
 9  4  7  5
 9  9  7  5
 4  6  7  5
 7  8  7  5
 6  8  8  7
 7  6  4  5
 5  4  6  6
 6  5  6  6
 4  9  4  7
 4  8  9  8
 9  6  9  8
 8  5  9  5
 7  7  5  8
 6  7  6  4
2x2 solution sets
  0 0 3 0   4   8  19  21
  0 1 0 1  16   2  31   7
  3 0 3 2  18  25   3   6
  0 1 2 2  24  20  17   1
  0 0 0 0  14  12  23  36
  0 1 0 1  32  10  33  11
  0 0 2 2  30  34   5   9
  3 0 3 0  15  26  13  28
  0 0 0 0  35  27  29  22 *
One single tile solution to this puzzle - there may be more
   4   8  14  12  16   2
  19  21  23  36  31   7
  15  26  35  27  32  10
  13  28  29  22  33  11
  18  25  30  34  24  20
   3   6   5   9  17   1
