 9          puzzle size (rows and columns)
 3   8      # border colours  # inside colours
Top Rgt Bot Lft
 0  3  1  0
 0  1  2  0
 0  1  3  0
 0  3  2  0
 0  2  7  1
 0  1  4  2
 0  1 10  3
 0  2  5  3
 0  3  7  3
 0  1 11  1
 0  3 11  2
 0  3  8  3
 0  3  6  2
 0  1  4  3
 0  3  7  1
 0  3  7  2
 0  1 10  1
 0  3  9  1
 0  3 10  3
 0  2 11  3
 0  2  9  2
 0  1  8  1
 0  2  6  2
 0  2  5  1
 0  1  7  3
 0  2 10  1
 0  2  4  2
 0  2 10  2
 0  2 11  1
 0  3  6  3
 0  1  7  2
 0  2  9  3
 5  7 10 10
11 10 11  6
 9  5 11  4
 9  8 11  7
 6  7  8  6
 4 11 10  5
 8  5  7  6
10  8  8 10
 9  6  9  8
 4  5  8  5
 4  6 11  8
10  9 10  6
 8  8  6 10
 8 10  4 11
10  4  8  6
10  6 10  7
 6 11 11  5
11  5  4  8
 7  5  5  4
 9 11 11  5
 7  6  7  7
 9  9  8  4
11  6  7  5
11  9  8  6
 8  5  9  9
 8  4  8  7
 9 10  9  5
 4  5  5 11
 9  7  7  4
 7  8  9  8
 6  4  4  4
11 11  9  7
 4  4  5  5
 8  5  8  9
 6  4 11  7
 6  7 11  6
 8  5 10  6
 4  6  9 11
 7 10  7  5
10  8  6  9
10 10  6  5
 4  6 10  9
11  4 11 10
11  5  7  8
 9  8  4 10
 5  7  4  5
 9  9  4 10
11  5  6  9
 4  7  9  6
2x2 solution sets
  0 0 3 0   1  19  25  48
  0 1 0 1  23   4  37   9
  3 0 3 2  17  75   3  11
  0 1 2 2  38  29  26   2
  0 0 0 0  20  27  56  74
  0 0 0 0   6  18  81  36
  0 1 0 1  46   7  60  24
  0 1 0 1  33  16  72  12
  0 0 2 2  51  71   8  15
  0 0 2 2  40  43  22  10
  3 0 3 0  30  44  13  47
  3 0 3 0  21  66  28  45
  0 0 0 0  57  73  35  49 *
  0 0 0 0  79  80  70  68 *
  0 0 0 0  55  34  62  76 *
  0 0 0 0  77  50  42  65 *
One single tile solution to this puzzle - there may be more
   1  19  20  27   6  18  32  23   4
  25  48  56  74  81  36  41  37   9
  30  44  57  73  79  80  52  46   7
  13  47  35  49  70  68  64  60  24
  21  66  55  34  77  50  59  33  16
  28  45  62  76  42  65  54  72  12
   5  67  61  53  69  78  58  63  14
  17  75  51  71  40  43  39  38  29
   3  11   8  15  22  10  31  26   2
