 9          puzzle size (rows and columns)
 3   8      # border colours  # inside colours
Top Rgt Bot Lft
 0  1  1  0
 0  3  1  0
 0  3  3  0
 0  2  3  0
 0  2  5  3
 0  2  9  2
 0  1  8  2
 0  3  5  1
 0  1  9  1
 0  1 10  2
 0  3  6  2
 0  1  5  1
 0  3  5  2
 0  1  6  1
 0  3  4  1
 0  3  4  2
 0  2  4  2
 0  2  6  1
 0  3 10  3
 0  2 11  2
 0  2  8  2
 0  2  9  1
 0  2  9  3
 0  3 11  3
 0  1  6  3
 0  1  4  3
 0  1  7  3
 0  1 11  3
 0  2  7  2
 0  3  9  2
 0  3  6  3
 0  2  8  1
10  4  4  7
 6  8 11  5
11  5  8  8
 4 10  6  5
 4  5 10  5
 6 10 10  6
10  9 10  7
 9  5  9  4
10  5  5  9
 9  8  6 10
11  8 10  7
 6  8  7 11
 9  5  7 11
 4 11 10  7
 4  7 11 11
 7  5  9  6
 4  6 10  8
 9 10  8  5
 8  8  4  6
 5 11  4  4
11  5  9 10
11  8  7 11
 7  6  6 11
10 10  5  6
 8  7  7  5
 8 11  9  6
 7  7  4  8
 7 11  4  5
 5 10  9  8
 9  6 11  8
 7  9 11  9
 4  4  4  8
 6  9 10  8
 9  6  6  7
 7  9  4  6
 6  4  7  5
11  4  7 10
 5  8  8  4
 5  8  8  5
 4  7  9  8
10  5 11 11
 6  6  6 10
10 11  9  5
10  5  9 10
 6  8 11 10
11  7  4  7
 7  8  9  7
 9 10  4 11
 9  7 11  4
2x2 solution sets
  0 0 3 0   1   9  28  45
  0 1 0 1  27   2  55  25
  3 0 3 2  20  73   4  24
  0 1 2 2  37  13  19   3
  0 0 0 0  12  18  71  65
  0 0 0 0  10  14  41  68
  0 1 0 1  44  32  63   6
  0 1 0 1  54   7  67  22
  0 0 2 2  60  80  15  26
  0 0 2 2  53  50  30  21
  3 0 3 0  31  48  16  81
  3 0 3 0  29  78   5  36
  0 0 0 0  57  33  79  49 *
  0 0 0 0  70  59  58  47 *
  0 0 0 0  66  56  77  61 *
  0 0 0 0  42  35  74  51 *
One single tile solution to this puzzle - there may be more
   1   9  12  18  10  14   8  27   2
  28  45  71  65  41  68  52  55  25
  31  48  57  33  70  59  46  44  32
  16  81  79  49  58  47  39  63   6
  29  78  66  56  42  35  75  54   7
   5  36  77  61  74  51  62  67  22
  11  38  69  40  34  72  43  64  17
  20  73  60  80  53  50  76  37  13
   4  24  15  26  30  21  23  19   3
