 7          puzzle size (rows and columns)
 3   6      # border colours  # inside colours
Top Rgt Bot Lft
 0  2  3  0
 0  1  1  0
 0  1  3  0
 0  3  3  0
 0  2  9  3
 0  3  5  1
 0  1  7  3
 0  2  7  3
 0  3  5  2
 0  2  8  1
 0  2  4  1
 0  3  9  2
 0  2  9  2
 0  3  4  1
 0  2  7  1
 0  3  7  2
 0  1  6  1
 0  3  4  2
 0  2  5  2
 0  3  8  2
 0  1  7  1
 0  1  9  3
 0  1  6  2
 0  1  4  3
 9  5  6  9
 4  7  8  9
 4  8  5  5
 8  9  5  9
 7  4  9  4
 5  6  6  4
 4  8  9  8
 5  5  9  5
 9  9  9  6
 9  7  5  8
 4  8  6  4
 7  4  4  9
 6  4  8  5
 7  8  6  7
 6  6  6  7
 7  9  4  8
 9  4  6  8
 6  5  5  4
 6  8  6  9
 5  7  7  8
 4  8  7  5
 6  5  7  6
 6  8  7  8
 6  5  8  5
 8  7  4  7
2x2 solution sets
  0 0 3 0   1  23   6  48
  0 1 0 1  18   3  27  10
  3 0 3 2  11  30   2  17
  0 1 2 2  32   9   5   4
  0 0 0 0  14   8  45  40
  0 1 0 1  44  16  29  24
  0 0 2 2  46  37   7  20
  3 0 3 0  21  49  22  26
  0 0 0 0  38  31  39  33 *
One single tile solution to this puzzle - there may be more
   1  23  14   8  13  18   3
   6  48  45  40  25  27  10
  21  49  38  31  47  44  16
  22  26  39  33  36  29  24
  12  28  43  41  35  34  15
  11  30  46  37  42  32   9
   2  17   7  20  19   5   4
