 9          puzzle size (rows and columns)
 3   8      # border colours  # inside colours
Top Rgt Bot Lft
 0  3  1  0
 0  2  3  0
 0  3  3  0
 0  1  1  0
 0  3  8  3
 0  2  9  3
 0  1  7  1
 0  1  8  2
 0  1 11  1
 0  2  8  2
 0  2  6  2
 0  1 11  3
 0  2  4  1
 0  1  5  1
 0  3 11  2
 0  1  8  1
 0  1  9  2
 0  2 10  2
 0  2  4  3
 0  3  7  3
 0  2  5  3
 0  3  7  1
 0  3 10  3
 0  2  7  2
 0  2  6  3
 0  3  6  1
 0  1  9  1
 0  3  8  2
 0  1  6  2
 0  3 10  2
 0  2 11  3
 0  3  7  2
 8 10  5  5
 4  4 10  9
 9  5 11  7
10  7 11  5
11  6 11  5
 8 10  7  6
 5  7  8  6
 4  7  7  6
 8  9  4  9
10  9  4  9
 6  8 10 10
 5  9  5 10
10 10  5  7
 9  9  5  4
10  5 10  9
 8  6  4 11
 4  6 10  9
 6  5 11  6
 5  7  6 10
 4  8  4 10
11  5  4  5
11  9  8  7
 7 10  8 11
10  8  7 11
 4  7  8  9
 4  6 11  4
 6  9  8  4
11  9  5  6
 7  9 11  9
 6  4 10 11
 5  4  7 10
10  5  4  8
 7  8  5  6
 8 11 10  9
11  4  8  6
 7  5  8  8
 8  4  8  9
11  5  6  9
 4 10  7  8
11 11  6  8
11  4  4  5
11 10  6  5
 5  6 10  5
 6  6  7  7
 8  9  9  9
10 11 11  6
 7  9  4  7
 4  7  6 11
 5  9  7  4
2x2 solution sets
  0 0 3 0   1   5  27  69
  0 1 0 1  22   2  79  17
  3 0 3 2  26  67   4  16
  0 1 2 2  43  28  23   3
  0 0 0 0   6  30  46  47
  0 0 0 0  12   9  53  37
  0 1 0 1  34  13  36  32
  0 1 0 1  73  19  58  11
  0 0 2 2  81  57   7   8
  0 0 2 2  76  65  24  21
  3 0 3 0  29  38  10  68
  3 0 3 0  31  48  15  80
  0 0 0 0  44  42  75  40 *
  0 0 0 0  49  60  45  51 *
  0 0 0 0  78  55  54  41 *
  0 0 0 0  63  59  61  66 *
One single tile solution to this puzzle - there may be more
   1   5   6  30  12   9  14  22   2
  27  69  46  47  53  37  39  79  17
  29  38  44  42  49  60  77  34  13
  10  68  75  40  45  51  35  36  32
  31  48  78  55  63  59  70  73  19
  15  80  54  41  61  66  62  58  11
  25  50  33  52  72  56  64  74  18
  26  67  81  57  76  65  71  43  28
   4  16   7   8  24  21  20  23   3
