 7          puzzle size (rows and columns)
 3   6      # border colours  # inside colours
Top Rgt Bot Lft
 0  2  2  0
 0  2  1  0
 0  1  1  0
 0  3  2  0
 0  3  5  2
 0  3  6  2
 0  3  6  3
 0  1  9  1
 0  1  7  3
 0  2  6  1
 0  1  6  1
 0  3  7  1
 0  1  7  2
 0  2  5  3
 0  2  8  1
 0  3  7  2
 0  2  5  1
 0  1  5  2
 0  1  6  3
 0  1  9  3
 0  3  9  2
 0  2  7  3
 0  2  8  3
 0  3  7  3
 9  5  8  6
 4  8  4  7
 4  9  5  6
 6  9  5  9
 7  7  9  4
 7  8  8  5
 8  4  7  5
 7  9  8  9
 8  6  5  4
 8  7  6  4
 5  9  6  8
 9  6  7  8
 9  4  7  5
 4  8  9  4
 7  6  9  9
 5  9  8  4
 5  4  4  6
 7  4  4  6
 7  4  8  8
 6  6  5  8
 9  5  4  6
 4  5  5  4
 8  5  6  8
 9  8  5  9
 7  4  7  6
2x2 solution sets
  0 0 3 0   1  21  15  36
  0 1 0 1   9   2  29  16
  3 0 3 2   7  27   4  17
  0 1 2 2  35   8  10   3
  0 0 0 0  20  12  45  30
  0 1 0 1  25  14  34  13
  0 0 2 2  28  32  18  23
  3 0 3 0  19  49   6  42
  0 0 0 0  46  31  40  39 *
One single tile solution to this puzzle - there may be more
   1  21  20  12  24   9   2
  15  36  45  30  43  29  16
  19  49  46  31  33  25  14
   6  42  40  39  41  34  13
  22  26  47  37  38  44  11
   7  27  28  32  48  35   8
   4  17  18  23   5  10   3
