 9          puzzle size (rows and columns)
 3   8      # border colours  # inside colours
Top Rgt Bot Lft
 0  2  3  0
 0  1  3  0
 0  3  1  0
 0  3  2  0
 0  3  5  3
 0  2 11  1
 0  1  4  1
 0  3  6  2
 0  1  5  3
 0  2 11  2
 0  3  4  2
 0  2  8  3
 0  1  9  3
 0  1 11  1
 0  2  4  2
 0  2 10  3
 0  1  8  2
 0  1  4  2
 0  1  8  1
 0  2  5  1
 0  2 10  2
 0  1  6  3
 0  3  7  3
 0  3  7  1
 0  1 10  3
 0  3  4  1
 0  3 10  1
 0  3  6  3
 0  3 10  2
 0  2  7  1
 0  2  7  2
 0  2  5  2
 7 10  5  6
 6  9 11  8
10 11  7  7
11  5  8  4
11 11  6 10
 7  4  8  5
 6 11 11  6
 4  9  8 11
 9 10  9  7
 8 10  4  8
11  7 11 10
 7  5  6 10
 5 10 10 11
 8  6  6 11
 7  4  8 11
 9  7  6  4
 8  9  6 11
 8 10  5 11
 4  5  9  4
 4  5  4 10
 9 11  6  9
 9  7  7  9
 7  8  7  9
 8 11  7  5
 7 11  4 11
10  7  4  4
 5  4  5 11
 6 11 10  9
10  6 11  6
 9  8  6 10
 6  6  5  8
 4 10  8  9
11  4  6  5
 5  9  4  6
 8  8  5 10
10 11  4  9
 8  5  8  9
 7 10  9  4
 8  7  7 11
 6  9  8  7
 5  9  9  5
 8  6  9  5
 8 10 10  7
 4 10  9  4
 4  5  8 10
 4  5  7  7
 6  9  8  5
 6  6  5  5
 9  9  6  7
2x2 solution sets
  0 0 3 0   1  15  11  76
  0 1 0 1  25   3  58  23
  3 0 3 2  26  48   2  28
  0 1 2 2  62  12  22   4
  0 0 0 0  10  21  43  35
  0 0 0 0  17   7  71  78
  0 1 0 1  40  13  42  27
  0 1 0 1  52   5  64  16
  0 0 2 2  75  67  29  32
  0 0 2 2  34  68   6  18
  3 0 3 0  31  41  30  81
  3 0 3 0  19  63  14  59
  0 0 0 0  37  47  60  49 *
  0 0 0 0  70  44  54  72 *
  0 0 0 0  61  39  36  65 *
  0 0 0 0  57  46  51  80 *
One single tile solution to this puzzle - there may be more
   1  15  10  21  17   7  24  25   3
  11  76  43  35  71  78  38  58  23
  31  41  37  47  70  44  56  40  13
  30  81  60  49  54  72  55  42  27
  19  63  61  39  57  46  33  52   5
  14  59  36  65  51  80  66  64  16
   9  73  69  79  53  45  77  74   8
  26  48  75  67  34  68  50  62  12
   2  28  29  32   6  18  20  22   4
