 7          puzzle size (rows and columns)
 3   6      # border colours  # inside colours
Top Rgt Bot Lft
 0  3  2  0
 0  2  2  0
 0  3  3  0
 0  1  2  0
 0  1  4  1
 0  2  4  2
 0  1  8  1
 0  3  7  2
 0  2  6  3
 0  1  7  2
 0  1  4  3
 0  2  7  2
 0  2  6  1
 0  1  8  3
 0  3  6  1
 0  3  9  3
 0  3  5  3
 0  2  9  1
 0  2  7  3
 0  1  6  2
 0  3  9  1
 0  2  5  3
 0  1  5  1
 0  3  8  1
 7  9  8  9
 4  6  8  9
 9  5  7  5
 7  5  8  4
 8  6  8  8
 8  9  6  8
 9  4  7  5
 4  4  4  9
 7  9  7  4
 7  5  5  4
 8  6  6  7
 8  4  8  9
 8  4  6  5
 5  4  6  9
 6  7  5  6
 8  5  9  6
 8  9  9  9
 5  5  4  6
 9  5  8  7
 7  7  8  4
 4  4  9  5
 6  7  7  5
 9  5  6  4
 6  7  8  4
 7  6  6  5
2x2 solution sets
  0 0 3 0   2   8  18  25
  0 1 0 1  19   1  34  22
  3 0 3 2  16  36   3  24
  0 1 2 2  35  13  15   4
  0 0 0 0  11  23  26  42
  0 1 0 1  38   6  46  12
  0 0 2 2  47  49  20   9
  3 0 3 0   7  30   5  48
  0 0 0 0  41  32  43  45 *
One single tile solution to this puzzle - there may be more
   2   8  11  23  21  19   1
  18  25  26  42  31  34  22
   7  30  41  32  33  38   6
   5  48  43  45  28  46  12
  14  29  40  27  37  44  10
  16  36  47  49  39  35  13
   3  24  20   9  17  15   4
