 6          puzzle size (rows and columns)
 3   6      # border colours  # inside colours
Top Rgt Bot Lft
 0  1  3  0
 0  2  1  0
 0  1  2  0
 0  3  3  0
 0  3  8  3
 0  3  5  2
 0  3  7  3
 0  1  8  2
 0  2  8  1
 0  2  7  1
 0  3  6  1
 0  3  6  3
 0  2  5  2
 0  1  5  3
 0  2  8  3
 0  2  6  1
 0  1  7  2
 0  1  9  1
 0  2  7  2
 0  3  4  2
 4  7  6  9
 9  6  8  7
 6  7  9  4
 5  5  5  7
 9  8  5  7
 7  6  4  6
 5  5  4  8
 4  9  5  9
 5  7  7  7
 9  4  6  9
 8  9  9  6
 4  8  6  8
 6  8  9  4
 5  8  7  6
 5  4  5  8
 4  6  4  8
2x2 solution sets
  0 0 3 0   4   7  11  26
  0 1 0 1  14   2  24  13
  3 0 3 2  10  29   3  19
  0 1 2 2  32   5  16   1
  0 0 0 0  15  20  31  21
  0 1 0 1  27   6  36  12
  0 0 2 2  22  34   9  17
  3 0 3 0  18  28   8  35
  0 0 0 0  30  33  23  25 *
One single tile solution to this puzzle - there may be more
   4   7  15  20  14   2
  11  26  31  21  24  13
  18  28  30  33  27   6
   8  35  23  25  36  12
  10  29  22  34  32   5
   3  19   9  17  16   1
