 9          puzzle size (rows and columns)
 3   8      # border colours  # inside colours
Top Rgt Bot Lft
 0  2  1  0
 0  2  3  0
 0  2  2  0
 0  3  3  0
 0  1  8  2
 0  3 11  1
 0  2 11  3
 0  1 11  3
 0  3  4  2
 0  1 10  1
 0  3  9  2
 0  2  5  1
 0  2 10  3
 0  3 11  2
 0  1  6  2
 0  3  7  1
 0  3 10  3
 0  1  6  1
 0  3 10  1
 0  3  9  3
 0  2  4  3
 0  2  8  2
 0  1  9  2
 0  1  7  1
 0  2  7  1
 0  3  5  2
 0  1  8  3
 0  2  9  2
 0  3 11  3
 0  1  4  3
 0  1 10  2
 0  2 10  1
 9  7  9  5
 4 10  8  9
 5  7 11  4
 7  5  4  6
 6  4  9  6
11 10 10  7
 5  9 10  8
 5  6  9  8
 9  7 10 11
 8  6  7  4
 7  7  6  8
 9  5 11  9
 8  7  5 10
 9 10  4 10
 4  6  8  8
 8  8 10  5
 6  7 10  5
 8 11  6  7
 6 11  5  5
11  5 11  8
 6  7 11  4
 8  8  9  5
10  4  5 10
 5  8  4  9
 8  5  6  8
 4 11  6  7
11  8  6 11
 6 11  7  7
 6  8 11  9
 4 11  8  8
 4  5  4  6
10  8  9  7
 7  4  9  7
 9  9 11  5
11  8  4  5
 9  4 10 10
 7  5  9  4
11 10  8  4
10  7  4  6
11  6  6  7
 4  7  7 11
10 10  6  8
 6  6  4  6
 9  5 11  5
10  5  4  5
 4 10  9  6
 9  9 10  7
 4  5  5  7
11  6 11  9
2x2 solution sets
  0 0 3 0   3   5  25  50
  0 1 0 1  20   4  46  17
  3 0 3 2  26  54   2  11
  0 1 2 2  71  24   9   1
  0 0 0 0   6  30  59  47
  0 0 0 0  16  27  36  48
  0 1 0 1  58  29  51   7
  0 1 0 1  40  15  76  12
  0 0 2 2  39  44  13  14
  0 0 2 2  49  79  32  10
  3 0 3 0  18  75  23  34
  3 0 3 0  22  57  28  61
  0 0 0 0  37  42  68  69 *
  0 0 0 0  78  55  66  56 *
  0 0 0 0  77  33  62  41 *
  0 0 0 0  72  63  60  73 *
One single tile solution to this puzzle - there may be more
   3   5   6  30  16  27  19  20   4
  25  50  59  47  36  48  74  46  17
  18  75  37  42  78  55  53  58  29
  23  34  68  69  66  56  52  51   7
  22  57  77  33  72  63  67  40  15
  28  61  62  41  60  73  80  76  12
  21  70  45  64  43  65  35  38  31
  26  54  39  44  49  79  81  71  24
   2  11  13  14  32  10   8   9   1
