 7          puzzle size (rows and columns)
 3   6      # border colours  # inside colours
Top Rgt Bot Lft
 0  2  2  0
 0  2  3  0
 0  1  1  0
 0  3  2  0
 0  2  4  3
 0  1  8  2
 0  1  9  1
 0  3  6  1
 0  1  4  2
 0  2  9  3
 0  2  8  1
 0  1  7  2
 0  3  9  1
 0  2  6  1
 0  2  5  3
 0  3  8  2
 0  3  9  3
 0  1  6  2
 0  3  4  1
 0  1  4  1
 0  1  8  3
 0  3  8  3
 0  3  6  2
 0  2  6  3
 9  7  5  4
 5  9  9  5
 7  6  9  7
 9  4  8  5
 5  5  8  4
 9  7  6  9
 8  4  7  5
 7  4  8  5
 4  8  5  8
 4  5  8  6
 9  6  7  7
 9  7  5  7
 7  7  6  6
 4  5  7  8
 9  7  6  8
 8  6  9  4
 8  8  7  6
 7  5  5  9
 8  6  9  8
 5  4  4  7
 6  4  9  5
 6  6  5  4
 5  6  9  7
 6  8  4  7
 4  5  9  4
2x2 solution sets
  0 0 3 0   3  20  21  38
  0 1 0 1  16   2  40  18
  3 0 3 2   9  46   1  15
  0 1 2 2  27  14  10   4
  0 0 0 0   7  19  28  49
  0 1 0 1  35   8  32   5
  0 0 2 2  34  26  22  17
  3 0 3 0  13  42  12  47
  0 0 0 0  31  25  37  44 *
One single tile solution to this puzzle - there may be more
   3  20   7  19  24  16   2
  21  38  28  49  45  40  18
  13  42  31  25  36  35   8
  12  47  37  44  29  32   5
  11  39  48  33  43  41   6
   9  46  34  26  30  27  14
   1  15  22  17  23  10   4
