 9          puzzle size (rows and columns)
 3   8      # border colours  # inside colours
Top Rgt Bot Lft
 0  3  1  0
 0  2  2  0
 0  1  2  0
 0  1  3  0
 0  2 10  3
 0  1  8  1
 0  1  7  2
 0  2  4  3
 0  2  9  3
 0  3  5  3
 0  2  7  1
 0  3 10  1
 0  3  7  1
 0  1  9  3
 0  3  9  2
 0  3  6  3
 0  2  5  1
 0  3  4  3
 0  2  8  3
 0  1  7  1
 0  1 11  1
 0  3  7  2
 0  1  6  1
 0  3  5  2
 0  3  4  1
 0  2  8  2
 0  1  5  3
 0  3  8  2
 0  2  6  2
 0  2  6  3
 0  2  5  2
 0  1  8  2
10  4  4  5
 6  8 10 11
11 10  4  4
 9 11  7 10
11  7  5  4
 4 11  8  8
10  5  7  6
11  6  9 11
 9 10  8 10
 6  4 11  4
11  9  7  7
 4  6  9  4
 8  5  4  8
11  4 10 10
 4  4  9  5
 7  4  9  7
 7 11  6  7
 5  7 11  5
10  5  9  8
 9 11  9  9
 4  8  8  7
 6  8 11  6
 5  7  5  8
 9  9  4  6
 9  4  5  6
10 11 11  8
10 10 10  5
 9  6  6  5
10  6  5  5
 9  7  6  8
 7  8  6  9
 7 10  6  4
11  8  4  7
 9  8 10  8
 9  8 11 11
 8  8  9 10
 9 10  8  6
 6  7  7  7
 5 10  5  8
 5  6  6 10
11  5  5  9
 6 11 11  5
 6 10 11  4
 4  4 10  4
10  7  6 11
 4 11  7 10
 8  9  9 10
 5  7  7 11
 9  5  6 11
2x2 solution sets
  0 0 3 0   4  12  24  61
  0 1 0 1  14   1  81  27
  3 0 3 2  26  71   2  17
  0 1 2 2  53  19   6   3
  0 0 0 0   5  15  39  60
  0 0 0 0   9  22  56  63
  0 1 0 1  74  21  37  13
  0 1 0 1  72  30  34  32
  0 0 2 2  78  77  20  23
  0 0 2 2  70  49   7  29
  3 0 3 0  31  50   8  35
  3 0 3 0  10  47  16  57
  0 0 0 0  48  42  36  40 *
  0 0 0 0  44  54  69  46 *
  0 0 0 0  64  41  75  79 *
  0 0 0 0  68  51  52  67 *
One single tile solution to this puzzle - there may be more
   4  12   5  15   9  22  18  14   1
  24  61  39  60  56  63  38  81  27
  31  50  48  42  44  54  45  74  21
   8  35  36  40  69  46  76  37  13
  10  47  64  41  68  51  59  72  30
  16  57  75  79  52  67  58  34  32
  28  55  65  66  62  43  73  33  25
  26  71  78  77  70  49  80  53  19
   2  17  20  23   7  29  11   6   3
