 6          puzzle size (rows and columns)
 3   6      # border colours  # inside colours
Top Rgt Bot Lft
 0  1  2  0
 0  2  3  0
 0  2  1  0
 0  3  3  0
 0  1  8  2
 0  2  4  2
 0  2  6  1
 0  3  7  1
 0  2  4  3
 0  3  8  2
 0  3  5  3
 0  1  7  3
 0  1  7  1
 0  3  8  3
 0  3  5  2
 0  1  4  3
 0  3  9  1
 0  2  8  1
 0  2  6  2
 0  1  5  2
 5  7  9  5
 6  8  7  9
 7  6  6  4
 6  5  4  8
 4  7  5  4
 8  7  6  8
 9  6  6  7
 5  4  6  6
 8  9  5  5
 6  8  8  6
 5  4  9  7
 9  9  8  4
 7  7  9  9
 4  4  9  8
 9  5  5  5
 6  8  7  7
2x2 solution sets
  0 0 3 0   4   9  14  34
  0 1 0 1   8   2  23  19
  3 0 3 2   5  24   3  16
  0 1 2 2  36  18  13   1
  0 0 0 0   6  20  25  31
  0 1 0 1  30  10  26  12
  0 0 2 2  29  33  11  17
  3 0 3 0  15  35   7  28
  0 0 0 0  21  27  32  22 *
One single tile solution to this puzzle - there may be more
   4   9   6  20   8   2
  14  34  25  31  23  19
  15  35  21  27  30  10
   7  28  32  22  26  12
   5  24  29  33  36  18
   3  16  11  17  13   1
