 9          puzzle size (rows and columns)
 3   8      # border colours  # inside colours
Top Rgt Bot Lft
 0  3  3  0
 0  2  3  0
 0  2  1  0
 0  3  2  0
 0  1  7  2
 0  2  4  1
 0  2  5  3
 0  1  6  1
 0  1  9  2
 0  1  9  3
 0  3  6  2
 0  1  5  1
 0  2  4  2
 0  3  9  3
 0  3  8  3
 0  3  4  1
 0  3 11  3
 0  2 10  2
 0  3 10  2
 0  2  9  3
 0  1  7  3
 0  3  5  2
 0  2  8  1
 0  1  8  1
 0  1 10  3
 0  2 11  1
 0  1 10  1
 0  2  7  2
 0  3  7  3
 0  1 10  2
 0  2  6  1
 0  3  7  2
10  9  7  5
 4  5  8 11
11  8  8  6
 5  5  7  7
10 10 11  5
 9  5  8  4
11 10 11  9
11  8  4 11
 4  4 10 11
 4  9  6 10
 7  7  4 11
 4  6  8  4
 7  6  7 10
 4  5  9  6
10  8  4 10
 5  9 11  8
 8  9 11  6
 8  4  5  4
 4  7 11  9
 9 11  6  9
 7  9  9  7
11  5  7 10
 7  7  7  6
 8  9  9  8
11  6  4  6
 6  4  5  5
11  8  6  5
 6 10  8  6
 8  9  9  6
 7 10  8  5
 4  6 10  6
 9  5  4  5
 9 10  5 10
 4 11  8  5
 4 11  7 10
 8  5 10  7
 7  8  4 11
 9 10 10 10
10  7  8  8
 5 11  7  9
11  6  4  9
 4  6 11  8
10  5  6  8
 8  6  9  7
 8  6 11  9
 7  5  4  9
 6  7  6 11
 5  4 11  6
11 10  5  5
2x2 solution sets
  0 0 3 0   2   5  14  78
  0 1 0 1  27   3  37  18
  3 0 3 2  15  75   4  31
  0 1 2 2  55  32  29   1
  0 0 0 0   6  28  66  69
  0 0 0 0  13  22  74  80
  0 1 0 1  39  30  40  23
  0 1 0 1  42   9  58  16
  0 0 2 2  62  65  24  12
  0 0 2 2  67  79  21  11
  3 0 3 0  17  41  19  47
  3 0 3 0  26  34   8  61
  0 0 0 0  50  44  48  77 *
  0 0 0 0  57  35  63  49 *
  0 0 0 0  81  54  72  43 *
  0 0 0 0  33  73  53  51 *
One single tile solution to this puzzle - there may be more
   2   5   6  28  13  22  10  27   3
  14  78  66  69  74  80  38  37  18
  17  41  50  44  57  35  56  39  30
  19  47  48  77  63  49  52  40  23
  26  34  81  54  33  73  60  42   9
   8  61  72  43  53  51  68  58  16
  25  70  45  46  64  59  71  36   7
  15  75  62  65  67  79  76  55  32
   4  31  24  12  21  11  20  29   1
