 9          puzzle size (rows and columns)
 3   8      # border colours  # inside colours
Top Rgt Bot Lft
 0  2  2  0
 0  3  2  0
 0  2  1  0
 0  3  3  0
 0  1 10  2
 0  3  6  2
 0  1  8  3
 0  3 10  1
 0  1  4  3
 0  1 11  3
 0  3  8  1
 0  2  6  3
 0  2 11  2
 0  1 10  3
 0  1  7  2
 0  3  5  3
 0  3  9  2
 0  1  7  3
 0  2  9  2
 0  3  4  2
 0  2  5  1
 0  2  4  3
 0  2  9  3
 0  2  9  1
 0  3  8  2
 0  2  4  1
 0  1  9  1
 0  2  6  1
 0  3 10  2
 0  3  9  3
 0  1 10  1
 0  1  7  1
 9 11  8  8
 8 11  4 10
 4  8 11  6
 4  7 10  7
 7  7  4 11
10  5  7  8
 9  9  4 10
 7 11  5  7
 7  6  6  5
 5 10  7  7
 5  5  7  9
 4  6  5  8
 7  7  9 10
 7 11  6 10
 9  8  8  8
 5  4 11 10
 7 10  9  5
11 11  5  6
 8  9  7  6
 5  6  9  6
 5  8  5  5
10 10  5 10
 5  8  7  4
 8  6 11 10
 6  6  5 10
 7  9  9 11
 4  8  7  6
 8  4  7  6
 6  8  6 10
 5  4  5  5
 9  4  8  8
11 10 10  4
 4  5  4  6
11 11  5  4
 4 10  5  9
 5  6 10  7
 4  9  7 10
 8  4  9  8
11  6 11 11
 6 11  4  4
10 10  9 11
 9  9  7  8
 9  4  6  8
11  5  8 11
 9 11 11  6
 8  7  4 11
 9  8  9 11
 5  6  6  6
 7 10 11  4
2x2 solution sets
  0 0 3 0   3   5  31  54
  0 1 0 1  24   2  63  22
  3 0 3 2  29  61   1  12
  0 1 2 2  74  30  18   4
  0 0 0 0  11   7  34  78
  0 0 0 0  26  15  36  40
  0 1 0 1  70  20  77  10
  0 1 0 1  76  21  51  19
  0 0 2 2  75  81   6  13
  0 0 2 2  45  68  23   8
  3 0 3 0   9  55  16  49
  3 0 3 0  25  33  28  60
  0 0 0 0  44  35  48  66 *
  0 0 0 0  38  53  37  42 *
  0 0 0 0  71  52  64  39 *
  0 0 0 0  65  41  67  57 *
One single tile solution to this puzzle - there may be more
   3   5  11   7  26  15  27  24   2
  31  54  34  78  36  40  79  63  22
   9  55  44  35  38  53  47  70  20
  16  49  48  66  37  42  56  77  10
  25  33  71  52  65  41  50  76  21
  28  60  64  39  67  57  80  51  19
  14  46  73  69  43  62  72  58  17
  29  61  75  81  45  68  59  74  30
   1  12   6  13  23   8  32  18   4
