 8          puzzle size (rows and columns)
 3   8      # border colours  # inside colours
Top Rgt Bot Lft
 0  2  1  0
 0  1  2  0
 0  3  3  0
 0  3  1  0
 0  3  6  2
 0  1  9  3
 0  3  6  1
 0  2 11  1
 0  2  8  2
 0  1 11  3
 0  3 11  2
 0  2  9  3
 0  1  7  1
 0  1  5  3
 0  1  5  1
 0  2 11  2
 0  2  7  1
 0  1  9  2
 0  3  6  3
 0  2  5  1
 0  1  6  3
 0  1  8  2
 0  3 10  3
 0  2  9  1
 0  2 10  2
 0  2  8  3
 0  3  8  2
 0  3  4  2
 8 11  4  8
 4  6  8 10
11  5  4  7
 9  7 11 10
 4  5  8  7
11 11  8  4
 5  5  9  8
 6  7  4 11
 6 11  6  9
 7  7 10  4
 9  4  8  5
 8  5 10 11
 7  4  8  6
 9  4  6 11
 6 10  6  8
 6  4  5  5
 5  6 11  7
 7 10  4  5
 6  9  8  6
11 10 11  4
 5  9  9  5
 8  9 10  6
 4  7  8  9
 4  6  6  7
 8 10  9  5
 6  8  7 10
10  6  5  4
11  5 10  9
10  7 11 10
 9  7  7 10
11  4  6  7
 7  4  9  7
 5  5  7  4
10 10  8  5
 8  8  9 10
 9  7  5 11
2x2 solution sets
  0 0 3 0   4  19  22  43
  0 1 0 1  10   1  34  11
  3 0 3 2  20  49   2  24
  0 1 2 2  41  28  26   3
  0 0 0 0   6  13  32  60
  0 0 0 0  15   7  61  44
  0 1 0 1  50  12  55   5
  0 1 0 1  35  14  58  17
  0 0 2 2  37  40  21  23
  0 0 2 2  62  30  27   9
  3 0 3 0   8  36  18  51
  3 0 3 0  25  63  16  64
  0 0 0 0  31  39  33  53 *
  0 0 0 0  38  45  57  59 *
  0 0 0 0  29  42  52  47 *
  0 0 0 0  48  54  56  46 *
One single tile solution to this puzzle - there may be more
   4  19   6  13  15   7  10   1
  22  43  32  60  61  44  34  11
   8  36  31  39  38  45  50  12
  18  51  33  53  57  59  55   5
  25  63  29  42  48  54  35  14
  16  64  52  47  56  46  58  17
  20  49  37  40  62  30  41  28
   2  24  21  23  27   9  26   3
