 9          puzzle size (rows and columns)
 3   8      # border colours  # inside colours
Top Rgt Bot Lft
 0  1  3  0
 0  2  2  0
 0  3  2  0
 0  1  1  0
 0  2  9  1
 0  3 10  1
 0  1 10  3
 0  1  6  2
 0  1  5  3
 0  1  7  3
 0  2  4  3
 0  3  5  3
 0  3  7  2
 0  2 11  3
 0  3 11  1
 0  2 11  2
 0  3  4  2
 0  3  9  3
 0  3  7  3
 0  1  9  1
 0  1  9  3
 0  2  8  1
 0  2  4  2
 0  3 10  2
 0  3  6  2
 0  2  6  1
 0  1  4  2
 0  3  7  1
 0  2  4  1
 0  1  5  1
 0  2 10  2
 0  2  9  3
 4  8  5  8
10  7  8 11
 9  8  7  8
 4 11  5 10
 8  4  4  4
11 11 11  9
 7  6  8  9
 7 10  5 11
 6  8 11  6
 4  7 11  7
 6  7  9 11
 6  9 10 10
 6  6 10  7
 5  6  4  7
 4  9  8  8
 9  8  9 11
 4  7  6 10
 5  4 11  4
11  7  4  5
 6  8  9  5
 5 11  7  9
 8  4  6  6
 9  7  7  4
 5  8  4  5
10  4  5  7
 9  4 10  8
 5 10  5  6
 9  6 11  8
 9 11  8 10
 8  5 10  5
10  6  4  6
10  6  4  9
 4 10  9 10
 7 11  9 10
11  5  6  8
 5  7 11  8
 6  7  5  6
 8  9  6  4
10 10  6  7
11  6  5  8
 8  8  4 11
 5  8  5  7
 9  7  9 10
 5 11 10  7
 5 10  6  6
 7 10 10  8
 9  9 11  7
11  5  5 11
11  9  8  4
2x2 solution sets
  0 0 3 0   3  12  32  53
  0 1 0 1  11   2  49  13
  3 0 3 2  22  67   1  25
  0 1 2 2  44  21   6   4
  0 0 0 0  18  10  48  78
  0 0 0 0  20  26  61  43
  0 1 0 1  69  19  76  14
  0 1 0 1  64   8  47   5
  0 0 2 2  62  51  31  23
  0 0 2 2  42  46  16  29
  3 0 3 0  15  40  30  56
  3 0 3 0   7  36  28  74
  0 0 0 0  75  57  60  77 *
  0 0 0 0  37  55  65  66 *
  0 0 0 0  80  52  68  79 *
  0 0 0 0  35  58  39  63 *
One single tile solution to this puzzle - there may be more
   3  12  18  10  20  26  24  11   2
  32  53  48  78  61  43  71  49  13
  15  40  75  57  37  55  45  69  19
  30  56  60  77  65  66  34  76  14
   7  36  80  52  35  58  70  64   8
  28  74  68  79  39  63  41  47   5
  27  50  81  38  73  33  72  54  17
  22  67  62  51  42  46  59  44  21
   1  25  31  23  16  29   9   6   4
