 6          puzzle size (rows and columns)
 3   6      # border colours  # inside colours
Top Rgt Bot Lft
 0  3  3  0
 0  2  3  0
 0  3  1  0
 0  2  2  0
 0  1  6  3
 0  2  8  1
 0  3  4  3
 0  3  8  1
 0  3  7  2
 0  2  7  2
 0  2  4  2
 0  1  8  1
 0  1  7  1
 0  2  6  3
 0  1  5  3
 0  3  4  2
 0  1  9  1
 0  2  6  2
 0  1  4  2
 0  3  7  3
 5  5  7  8
 8  7  4  7
 8  5  8  4
 4  7  9  5
 5  9  9  4
 8  8  6  5
 4  5  5  9
 6  4  9  5
 4  7  5  6
 9  7  8  6
 9  8  9  6
 7  5  8  7
 9  6  7  4
 8  6  6  5
 9  5  9  6
 7  6  8  6
2x2 solution sets
  0 0 3 0   4  19  18  29
  0 1 0 1  16   2  24   9
  3 0 3 2   7  33   3  13
  0 1 2 2  26   8   5   1
  0 0 0 0   6  10  22  32
  0 1 0 1  30  20  23  15
  0 0 2 2  36  35  12  17
  3 0 3 0  11  25  14  31
  0 0 0 0  27  34  21  28 *
One single tile solution to this puzzle - there may be more
   4  19   6  10  16   2
  18  29  22  32  24   9
  11  25  27  34  30  20
  14  31  21  28  23  15
   7  33  36  35  26   8
   3  13  12  17   5   1
