 7          puzzle size (rows and columns)
 3   6      # border colours  # inside colours
Top Rgt Bot Lft
 0  3  2  0
 0  3  3  0
 0  2  2  0
 0  2  1  0
 0  1  6  2
 0  3  8  3
 0  1  4  3
 0  3  9  1
 0  2  9  2
 0  3  6  3
 0  2  4  2
 0  1  6  1
 0  1  7  1
 0  2  5  1
 0  1  5  1
 0  2  9  3
 0  1  9  1
 0  3  7  1
 0  2  7  2
 0  1  5  3
 0  1  6  3
 0  2  6  3
 0  3  6  2
 0  3  5  2
 6  5  8  8
 9  5  7  7
 9  9  9  4
 6  8  5  5
 6  9  7  7
 5  4  9  8
 9  6  9  8
 9  8  8  4
 8  4  6  9
 5  4  6  7
 7  4  8  7
 4  4  5  6
 8  5  4  4
 8  8  4  5
 6  4  8  5
 9  5  4  9
 7  7  8  8
 5  5  5  4
 6  7  9  4
 8  6  7  6
 7  8  6  5
 6  4  7  4
 4  7  9  7
 9  7  6  5
 8  7  9  8
2x2 solution sets
  0 0 3 0   2  10   6  25
  0 1 0 1  22   3  29   9
  3 0 3 2  23  36   4  20
  0 1 2 2  37  14   7   1
  0 0 0 0  21  15  39  42
  0 1 0 1  35  11  44   5
  0 0 2 2  46  27  18  17
  3 0 3 0  24  38  19  47
  0 0 0 0  49  34  26  28 *
One single tile solution to this puzzle - there may be more
   2  10  21  15   8  22   3
   6  25  39  42  48  29   9
  24  38  49  34  43  35  11
  19  47  26  28  31  44   5
  16  40  45  30  32  41  13
  23  36  46  27  33  37  14
   4  20  18  17  12   7   1
