 9          puzzle size (rows and columns)
 3   8      # border colours  # inside colours
Top Rgt Bot Lft
 0  3  1  0
 0  2  3  0
 0  3  2  0
 0  2  1  0
 0  3  8  3
 0  2 10  1
 0  3  4  2
 0  1  7  3
 0  3  9  2
 0  2  7  2
 0  2  5  2
 0  1  5  3
 0  2 10  3
 0  2  8  1
 0  1  6  3
 0  3 11  1
 0  3  8  1
 0  2  4  3
 0  1 11  2
 0  3  5  2
 0  3 11  2
 0  1 11  1
 0  3  6  3
 0  1  6  2
 0  3  9  3
 0  1  9  2
 0  1  9  1
 0  1  4  1
 0  2  6  3
 0  2  7  3
 0  1  8  2
 0  2  6  1
 5 10  5  7
 8  5  7  8
 5  8 10  9
 5  7 11  6
 8  4  6 10
 5  7  9 11
 5  6  4 11
 4 10  6  9
 4  5  6  5
 4  5  9  6
 8  9  5 10
10  7  7  5
 9  8  4 10
11  6  7  6
 8  8  8  6
 6 10  4  8
 9  8 11  4
11  8 10  8
 6  8  4 10
10 10  5  5
10  7 11  9
 4 11 10  4
 8  6  9  7
10 11 10  7
 4  6  5 10
11  4  5  8
 5 11  8 10
 5  5  6  9
 4 11  5  7
 7 11 11  7
 7  6  5  9
 4  7  6  5
10  8  4  8
 9 10  8 11
 8  7  9  7
 6  9  6  7
 7  7 11 10
 4  5  4  4
 6  7  8  9
 9  9 11  6
11 10  4  7
 4  9 11  7
 6 11  5  8
11 11  4 10
 9  9  7 11
 9  6  7  5
 4 10 10  6
11 10  4  8
 4  9  9  9
2x2 solution sets
  0 0 3 0   1   5  24  47
  0 1 0 1  18   3  79  13
  3 0 3 2  11  64   2  23
  0 1 2 2  62  22  21   4
  0 0 0 0  29  26  75  66
  0 0 0 0  14   7  37  70
  0 1 0 1  56  19  65  17
  0 1 0 1  57  15  59  16
  0 0 2 2  61  77  20  30
  0 0 2 2  81  60   9  32
  3 0 3 0  10  55   6  45
  3 0 3 0  28  54  27  53
  0 0 0 0  36  67  58  49 *
  0 0 0 0  68  40  48  51 *
  0 0 0 0  39  46  74  63 *
  0 0 0 0  42  41  72  71 *
One single tile solution to this puzzle - there may be more
   1   5  29  26  14   7  25  18   3
  24  47  75  66  37  70  78  79  13
  10  55  36  67  68  40  69  56  19
   6  45  58  49  48  51  50  65  17
  28  54  39  46  42  41  52  57  15
  27  53  74  63  72  71  33  59  16
  31  80  76  38  73  43  35  34  12
  11  64  61  77  81  60  44  62  22
   2  23  20  30   9  32   8  21   4
