 8          puzzle size (rows and columns)
 3   8      # border colours  # inside colours
Top Rgt Bot Lft
 0  1  3  0
 0  2  3  0
 0  2  2  0
 0  3  2  0
 0  3  6  1
 0  2  7  3
 0  3  9  2
 0  1 10  2
 0  1  7  1
 0  1 10  1
 0  1 11  2
 0  1 11  1
 0  2  8  3
 0  3  4  3
 0  2 11  2
 0  1  9  3
 0  2 10  2
 0  2  5  1
 0  2  7  2
 0  2  7  1
 0  3  5  1
 0  1  5  1
 0  1  5  2
 0  3 10  1
 0  3  7  3
 0  2  4  3
 0  3  8  3
 0  3  7  2
 9 11  5 11
 9  8  9  6
 5  7  8 10
 6 10  7  6
 7  6  5  9
 5 11 11  4
10  8  5  7
11 10  6  4
 8  6 11  8
10  4  5  8
11  6  7 10
 5  9  4  9
 8  8 11  9
 4  6  9  7
 6  4  8  8
 5  5  7  6
 7 10  6  9
 4  8  8 10
 5  9  4  5
 5  9 10 11
 7  5  4  8
10 10  8  8
 8  4  9  4
11  9  9  7
 4  7 11  7
11  6  7  4
 6  7  5  8
 9  5  6  6
11  5 10 11
 4  6  6  6
10 11  9  6
10  4 10  8
 6  8  4  9
 5  8  6 11
 7  4 10  5
 9 11  7  4
2x2 solution sets
  0 0 3 0   2  17  28  35
  0 1 0 1  18   3  44  23
  3 0 3 2  26  54   4  20
  0 1 2 2  60  14  10   1
  0 0 0 0   8  22  50  31
  0 0 0 0  12   9  52  33
  0 1 0 1  45  24  55   6
  0 1 0 1  34  11  57  21
  0 0 2 2  30  43  16  27
  0 0 2 2  64  62  25   5
  3 0 3 0  15  48  13  38
  3 0 3 0   7  40  19  53
  0 0 0 0  41  37  36  39 *
  0 0 0 0  56  47  32  46 *
  0 0 0 0  61  49  42  58 *
  0 0 0 0  63  51  59  29 *
One single tile solution to this puzzle - there may be more
   2  17   8  22  12   9  18   3
  28  35  50  31  52  33  44  23
  15  48  41  37  56  47  45  24
  13  38  36  39  32  46  55   6
   7  40  61  49  63  51  34  11
  19  53  42  58  59  29  57  21
  26  54  30  43  64  62  60  14
   4  20  16  27  25   5  10   1
