 7          puzzle size (rows and columns)
 3   6      # border colours  # inside colours
Top Rgt Bot Lft
 0  2  2  0
 0  3  2  0
 0  2  3  0
 0  1  3  0
 0  2  8  2
 0  2  8  3
 0  2  4  3
 0  2  5  1
 0  3  4  3
 0  3  5  1
 0  3  6  1
 0  2  8  1
 0  1  7  1
 0  3  7  3
 0  1  6  2
 0  3  8  2
 0  1  9  2
 0  1  4  1
 0  3  6  2
 0  1  7  2
 0  3  5  3
 0  2  6  1
 0  1  6  1
 0  1  7  3
 6  5  8  9
 4  9  8  6
 6  9  7  5
 8  4  7  9
 4  6  5  9
 7  7  9  6
 7  6  8  7
 8  7  4  5
 5  5  4  9
 5  9  6  9
 5  9  5  4
 6  4  9  9
 4  4  8  4
 6  9  7  6
 5  5  6  9
 8  9  7  6
 7  4  8  4
 8  4  8  5
 6  9  5  7
 9  4  5  9
 8  9  4  4
 5  7  8  7
 5  6  6  8
 8  7  8  4
 7  5  8  7
2x2 solution sets
  0 0 3 0   2  21   5  47
  0 1 0 1  11   4  25  10
  3 0 3 2  20  49   1  12
  0 1 2 2  48  14  16   3
  0 0 0 0  24   8  30  46
  0 1 0 1  42   9  28   7
  0 0 2 2  27  36  13  17
  3 0 3 0  22  38  18  41
  0 0 0 0  44  45  35  29 *
One single tile solution to this puzzle - there may be more
   2  21  24   8  15  11   4
   5  47  30  46  43  25  10
  22  38  44  45  33  42   9
  18  41  35  29  26  28   7
  23  40  34  39  32  31  19
  20  49  27  36  37  48  14
   1  12  13  17   6  16   3
