 6          puzzle size (rows and columns)
 3   6      # border colours  # inside colours
Top Rgt Bot Lft
 0  2  3  0
 0  1  2  0
 0  2  1  0
 0  3  3  0
 0  3  6  2
 0  3  5  3
 0  1  7  1
 0  1  7  2
 0  1  4  3
 0  2  6  3
 0  1  4  1
 0  3  9  1
 0  2  6  2
 0  3  9  3
 0  3  8  1
 0  2  5  2
 0  2  4  2
 0  1  9  3
 0  2  8  2
 0  3  5  1
 7  5  4  8
 7  8  9  6
 8  6  6  7
 7  8  7  7
 9  8  7  4
 8  6  4  9
 6  8  7  8
 5  7  8  6
 5  6  5  7
 4  7  7  6
 9  8  5  5
 5  4  9  5
 4  4  5  6
 4  5  9  8
 6  9  9  6
 9  4  5  8
2x2 solution sets
  0 0 3 0   3  16   8  29
  0 1 0 1  13   2  35  12
  3 0 3 2   5  33   1  20
  0 1 2 2  31  15   6   4
  0 0 0 0  17  19  30  23
  0 1 0 1  36   9  32  11
  0 0 2 2  25  34   7  18
  3 0 3 0  10  28  14  26
  0 0 0 0  24  27  22  21 *
One single tile solution to this puzzle - there may be more
   3  16  17  19  13   2
   8  29  30  23  35  12
  10  28  24  27  36   9
  14  26  22  21  32  11
   5  33  25  34  31  15
   1  20   7  18   6   4
