 9          puzzle size (rows and columns)
 3   8      # border colours  # inside colours
Top Rgt Bot Lft
 0  2  3  0
 0  1  3  0
 0  2  2  0
 0  3  2  0
 0  2 10  1
 0  1  5  3
 0  2 10  3
 0  1 11  2
 0  2 11  1
 0  1  8  3
 0  3 10  1
 0  3  9  3
 0  2  4  2
 0  1  5  2
 0  2 11  3
 0  3  4  1
 0  1  8  1
 0  2  6  2
 0  3  5  1
 0  3  7  3
 0  3  5  2
 0  3  8  1
 0  3  5  3
 0  1  9  1
 0  1  8  2
 0  2  9  1
 0  3 11  3
 0  1 10  2
 0  2  6  3
 0  3  6  2
 0  2  7  2
 0  1  6  1
10  4  9  6
 6  9 10 11
 4  6  5  8
 4  9  8  7
 7  7  8  7
10  7  4 11
11  6  5 10
 4  6  5  4
 9  8  4  9
 5  5  9  7
 8  9  6  5
10  9 11  9
11  5  4 10
10  7  4  4
 7  7 11 10
11  5  7 11
10  7  4  8
10  8 11  9
 8  6  6  9
11 11  4  4
 7  9 10  5
 9  6  4  9
 4 11 11  6
10  8 10  7
 9 10  9  6
 8 10 10  6
 5  4  8 10
 7  7 10  6
 6 11  7  5
 4  5  4 10
 9  5 10  6
 8  4  8  8
 7 10 10  6
 4 10  8  7
 7  5  4  5
 8  8 11  4
 4  5  6  8
 8  9  7  8
 5  5  4  5
 6 11 11  8
11  8  8  7
11  6  5  8
11  7  9  6
 9  6  9  9
 4 11  7 11
11  4  9  9
 5  6  7  7
 9 11 10  5
 6  5  7  6
2x2 solution sets
  0 0 3 0   2   5  22  49
  0 1 0 1   9   3  48  14
  3 0 3 2   6  71   4  13
  0 1 2 2  63  23  28   1
  0 0 0 0  31   8  37  73
  0 0 0 0  17  24  70  41
  0 1 0 1  67  19  55  27
  0 1 0 1  52  15  35  18
  0 0 2 2  80  77   7  20
  0 0 2 2  38  36  16  25
  3 0 3 0  10  69  30  81
  3 0 3 0  29  65  12  44
  0 0 0 0  43  51  61  34 *
  0 0 0 0  60  66  50  64 *
  0 0 0 0  47  56  78  46 *
  0 0 0 0  74  58  79  33 *
One single tile solution to this puzzle - there may be more
   2   5  31   8  17  24  32   9   3
  22  49  37  73  70  41  72  48  14
  10  69  43  51  60  66  45  67  19
  30  81  61  34  50  64  40  55  27
  29  65  47  56  74  58  59  52  15
  12  44  78  46  79  33  68  35  18
  11  39  57  62  53  54  75  42  21
   6  71  80  77  38  36  76  63  23
   4  13   7  20  16  25  26  28   1
