 7          puzzle size (rows and columns)
 3   6      # border colours  # inside colours
Top Rgt Bot Lft
 0  1  1  0
 0  3  3  0
 0  2  1  0
 0  3  1  0
 0  3  9  2
 0  2  5  3
 0  1  8  3
 0  2  9  2
 0  1  6  2
 0  3  8  3
 0  2  9  3
 0  2  6  2
 0  3  4  2
 0  2  5  2
 0  2  7  1
 0  1  7  1
 0  1  5  2
 0  1  9  1
 0  3  8  1
 0  3  4  3
 0  3  7  1
 0  2  8  3
 0  1  4  3
 0  1  4  2
 6  4  8  9
 9  5  6  4
 5  9  6  8
 5  4  6  5
 5  9  7  7
 5  7  7  8
 9  8  8  9
 7  9  6  8
 4  4  5  9
 4  5  7  6
 7  9  7  7
 7  9  9  8
 6  5  6  9
 6  7  4  5
 6  6  6  9
 6  8  7  5
 4  8  5  8
 6  9  5  8
 6  4  7  4
 8  8  4  7
 6  7  8  4
 6  4  4  5
 8  5  4  5
 7  9  6  4
 7  5  8  9
2x2 solution sets
  0 0 3 0   1  15  18  49
  0 1 0 1   9   3  46  13
  3 0 3 2  20  45   2  19
  0 1 2 2  25  24   7   4
  0 0 0 0  14  12  28  43
  0 1 0 1  34   6  35   5
  0 0 2 2  44  30  23  21
  3 0 3 0  17  47  22  41
  0 0 0 0  40  32  36  37 *
One single tile solution to this puzzle - there may be more
   1  15  14  12   8   9   3
  18  49  28  43  26  46  13
  17  47  40  32  39  34   6
  22  41  36  37  38  35   5
  10  27  31  42  33  48  11
  20  45  44  30  29  25  24
   2  19  23  21  16   7   4
