 9          puzzle size (rows and columns)
 3   8      # border colours  # inside colours
Top Rgt Bot Lft
 0  1  1  0
 0  1  3  0
 0  1  2  0
 0  2  3  0
 0  3  9  3
 0  1  4  1
 0  1 11  2
 0  2  8  3
 0  3  8  3
 0  2  9  1
 0  1  9  1
 0  3  5  2
 0  3  5  3
 0  2  4  1
 0  2  6  2
 0  1  5  2
 0  2  6  3
 0  1  7  2
 0  3 10  1
 0  2 11  1
 0  3  4  2
 0  1  6  1
 0  3 11  2
 0  1  5  3
 0  3  6  2
 0  3  4  3
 0  2  7  3
 0  3 10  3
 0  2  7  1
 0  2  9  2
 0  3  9  2
 0  2  6  1
 6  8  5  6
 4  4  6  7
10  9  4 10
11  9  6  5
11 11  5 10
 7  6 11 11
 4  7  5 10
10  9  7 11
 7  5  5  7
 9  8 11  9
 7  8  5  7
 5  9  7  6
 5  7  5 11
 4  4  9  9
10  6  8 11
10  5  4 11
 6 10  4  9
 7  4 10  9
11 10  9 10
 9 11  6  4
 4  7  9  7
 4 11  4  4
 8  4  4  5
10 11  6  5
 5  8  7  6
 5  4  5  8
 6 10 11  5
 7 10 10  4
 6 11  7  8
 7  9 10  6
 7 11  6 11
 9  6  9  8
 8  5  8 11
 5  8  4  7
 7  8  5  4
 9  8  5  8
 5 10  6  4
 4  5  6 10
 8  8  8  9
 9 11  8 11
 9  4  7 10
10  6  7 10
 8 11 10 11
11  6  7  8
 6 10  9 10
 8  6 10  9
 7  9  8  8
 6  7  4  8
 5 10 11  8
2x2 solution sets
  0 0 3 0   3  19  20  40
  0 1 0 1  11   1  64  22
  3 0 3 2  21  52   4  25
  0 1 2 2  48  13   6   2
  0 0 0 0   9  27  71  79
  0 0 0 0  31  17  42  80
  0 1 0 1  73  14  38  15
  0 1 0 1  37  23  44   5
  0 0 2 2  72  45   8  12
  0 0 2 2  53  41  10  16
  3 0 3 0   7  63  30  49
  3 0 3 0  29  34  24  59
  0 0 0 0  75  65  35  78 *
  0 0 0 0  36  46  33  68 *
  0 0 0 0  54  47  70  55 *
  0 0 0 0  57  58  67  81 *
One single tile solution to this puzzle - there may be more
   3  19   9  27  31  17  18  11   1
  20  40  71  79  42  80  43  64  22
   7  63  75  65  36  46  69  73  14
  30  49  35  78  33  68  61  38  15
  29  34  54  47  57  58  60  37  23
  24  59  70  55  67  81  74  44   5
  28  51  77  39  66  76  62  50  26
  21  52  72  45  53  41  56  48  13
   4  25   8  12  10  16  32   6   2
