 9          puzzle size (rows and columns)
 3   8      # border colours  # inside colours
Top Rgt Bot Lft
 0  2  3  0
 0  3  3  0
 0  1  1  0
 0  3  2  0
 0  3  4  2
 0  3  5  2
 0  3  7  3
 0  2 10  3
 0  2  5  3
 0  3  4  3
 0  1  4  2
 0  1  8  3
 0  1  7  1
 0  2  4  1
 0  3  8  2
 0  2  9  1
 0  1  9  1
 0  1  8  1
 0  1  6  2
 0  2 10  2
 0  3  5  1
 0  3  8  3
 0  2  9  2
 0  1  8  2
 0  3  4  1
 0  2  9  3
 0  2  5  2
 0  2 11  3
 0  3  7  1
 0  2 10  1
 0  1  4  3
 0  1  5  2
 5  6  4  4
 4  8  6  6
 6  6  6  9
 6  4 11 10
 7  7  9  7
10 11  6  9
 8 10  5 10
 7  7  8 10
 4  9  5  7
10  9  8 11
 6 11  8  7
 4 10  9 10
 9  4  7  5
 9  8 11  6
11  5  9  7
 5 11  5  7
 9  6 11 10
 8  5  4  5
11  6 11  7
 8  5  6  7
 8  5  6  8
 9  7  8 11
 8 11 11  4
 6  7  9 11
10  9  4  7
 8 10  6  6
10  6  9  7
 6  7  9  4
 7  4 10  4
11  5  5 11
11 11 11  6
 4 10 10  4
 5 10  6  7
 5  5 10  6
 4  9  7  4
 6 10 11  4
10  8  8  8
11 11 11  5
11  5  8  9
 9  4  9  6
11  7  5  5
 9  4 10 10
 9  8  8  8
11 10  7  8
 9  7 10 10
 5  7  7  6
 5  9 10  4
 5  6  9 11
 8  6  4  8
2x2 solution sets
  0 0 3 0   1   6  25  33
  0 1 0 1  24   3  53  21
  3 0 3 2  12  75   2  22
  0 1 2 2  79  23   8   4
  0 0 0 0  26  15  72  55
  0 0 0 0   9  11  80  34
  0 1 0 1  36  10  70  28
  0 1 0 1  71  27  50  32
  0 0 2 2  76  44  29  17
  0 0 2 2  40  65  18  19
  3 0 3 0  31  64   7  57
  3 0 3 0   5  67  14  61
  0 0 0 0  77  47  38  54 *
  0 0 0 0  45  68  37  51 *
  0 0 0 0  35  58  60  43 *
  0 0 0 0  49  63  62  73 *
One single tile solution to this puzzle - there may be more
   1   6  26  15   9  11  30  24   3
  25  33  72  55  80  34  69  53  21
  31  64  77  47  45  68  39  36  10
   7  57  38  54  37  51  66  70  28
   5  67  35  58  49  63  42  71  27
  14  61  60  43  62  73  52  50  32
  13  59  46  81  78  48  56  41  16
  12  75  76  44  40  65  74  79  23
   2  22  29  17  18  19  20   8   4
