 7          puzzle size (rows and columns)
 3   6      # border colours  # inside colours
Top Rgt Bot Lft
 0  1  2  0
 0  2  3  0
 0  2  2  0
 0  3  1  0
 0  1  9  1
 0  2  6  3
 0  1  5  3
 0  1  7  3
 0  3  5  2
 0  1  8  1
 0  2  5  1
 0  3  9  2
 0  3  7  1
 0  2  7  2
 0  1  9  3
 0  3  9  1
 0  2  4  1
 0  3  9  3
 0  3  4  3
 0  2  8  2
 0  1  4  2
 0  3  8  3
 0  1  5  1
 0  2  9  2
 8  8  6  4
 4  8  7  8
 7  8  7  4
 7  4  5  7
 5  6  9  4
 7  4  8  6
 5  4  4  6
 5  9  9  4
 8  9  5  6
 8  4  5  9
 7  6  4  9
 9  4  6  8
 6  8  6  7
 9  5  7  8
 8  5  5  5
 4  4  7  9
 5  5  5  7
 9  9  5  9
 7  6  5  6
 7  7  8  6
 8  6  8  9
 6  6  8  6
 6  7  7  4
 4  7  9  6
 5  6  4  8
2x2 solution sets
  0 0 3 0   3  12  24  42
  0 1 0 1  13   2  27  20
  3 0 3 2  10  26   1  14
  0 1 2 2  32  15  18   4
  0 0 0 0  22  19  45  48
  0 1 0 1  30  21  39  11
  0 0 2 2  49  33  17  23
  3 0 3 0   6  31  16  40
  0 0 0 0  25  36  47  37 *
One single tile solution to this puzzle - there may be more
   3  12  22  19   8  13   2
  24  42  45  48  28  27  20
   6  31  25  36  29  30  21
  16  40  47  37  38  39  11
   5  35  43  46  44  41   9
  10  26  49  33  34  32  15
   1  14  17  23   7  18   4
