 7          puzzle size (rows and columns)
 3   6      # border colours  # inside colours
Top Rgt Bot Lft
 0  1  3  0
 0  1  2  0
 0  2  1  0
 0  3  3  0
 0  3  9  1
 0  2  8  2
 0  2  6  3
 0  2  9  1
 0  2  6  1
 0  1  6  3
 0  2  8  3
 0  2  6  2
 0  1  9  1
 0  3  8  1
 0  2  4  1
 0  3  7  2
 0  3  9  3
 0  1  9  2
 0  1  9  3
 0  3  4  2
 0  3  4  1
 0  1  7  2
 0  1  5  2
 0  3  7  3
 6  4  6  9
 6  7  5  5
 5  9  6  4
 4  6  9  8
 9  8  5  8
 9  8  6  9
 7  5  4  9
 5  9  7  8
 7  8  4  8
 8  8  9  7
 9  5  5  7
 5  9  4  7
 6  7  7  7
 4  8  6  7
 4  7  6  4
 6  7  7  4
 6  5  4  8
 5  8  4  4
 6  8  5  8
 6  4  9  8
 7  8  5  5
 5  8  5  6
 5  4  6  6
 7  4  5  5
 4  7  9  9
2x2 solution sets
  0 0 3 0   1   5  16  35
  0 1 0 1  22   3  48  20
  3 0 3 2  13  31   2  15
  0 1 2 2  49  24  17   4
  0 0 0 0   7   6  26  34
  0 1 0 1  46  11  32  18
  0 0 2 2  45  44  23   8
  3 0 3 0   9  47  19  25
  0 0 0 0  42  29  39  36 *
One single tile solution to this puzzle - there may be more
   1   5   7   6  12  22   3
  16  35  26  34  41  48  20
   9  47  42  29  28  46  11
  19  25  39  36  30  32  18
  21  40  37  38  43  33  14
  13  31  45  44  27  49  24
   2  15  23   8  10  17   4
