 6          puzzle size (rows and columns)
 3   6      # border colours  # inside colours
Top Rgt Bot Lft
 0  2  3  0
 0  1  3  0
 0  3  3  0
 0  1  2  0
 0  1  4  2
 0  2  5  1
 0  3  5  2
 0  1  5  3
 0  2  4  2
 0  3  9  3
 0  2  7  1
 0  3  7  2
 0  3  9  1
 0  3  4  3
 0  2  4  1
 0  2  7  3
 0  3  8  1
 0  2  5  2
 0  1  6  2
 0  1  5  1
 9  6  8  6
 7  5  5  7
 7  7  9  8
 8  5  4  5
 5  6  4  6
 9  4  6  7
 9  6  8  9
 4  8  8  9
 5  9  9  7
 8  6  5  4
 9  5  7  6
 4  7  7  8
 6  6  8  4
 8  6  9  5
 8  7  4  6
 7  8  8  6
2x2 solution sets
  0 0 3 0   2  15  10  28
  0 1 0 1  13   1  27  19
  3 0 3 2  14  33   3  17
  0 1 2 2  22  18   6   4
  0 0 0 0  12   8  23  29
  0 1 0 1  24  20  32  11
  0 0 2 2  25  35   5   9
  3 0 3 0   7  34  16  26
  0 0 0 0  21  31  30  36 *
One single tile solution to this puzzle - there may be more
   2  15  12   8  13   1
  10  28  23  29  27  19
   7  34  21  31  24  20
  16  26  30  36  32  11
  14  33  25  35  22  18
   3  17   5   9   6   4
