 9          puzzle size (rows and columns)
 3   8      # border colours  # inside colours
Top Rgt Bot Lft
 0  2  1  0
 0  3  3  0
 0  2  2  0
 0  3  1  0
 0  2  5  3
 0  2 11  3
 0  1  5  3
 0  3  5  3
 0  3  4  2
 0  3 10  2
 0  3  8  1
 0  1 10  3
 0  1  5  2
 0  1  8  2
 0  2  7  3
 0  1  5  1
 0  2  9  2
 0  3  4  1
 0  3  5  2
 0  2  5  1
 0  1  6  1
 0  1  9  3
 0  3  7  2
 0  2 11  2
 0  3  4  3
 0  2  6  1
 0  1 10  2
 0  1  4  3
 0  3 11  2
 0  2 11  1
 0  1 10  1
 0  2  6  3
 6 10 10 10
 6  5  7  7
 9  4 11  4
 9  7  8  5
 4 10  5  5
 9  5  6  5
 9 10  6  9
 9  4  5  5
10 11  5 11
 7 10  8 10
10  8  9  5
11  6  8  6
 9  9  9 10
 7  7 10  9
 4  4  4  7
10  6  7  7
 8  8 11  4
 5 11  4  5
 9  9  8 10
 7  9  7  7
 4 11  9  6
 4  5 10 10
 6  7  4  8
 8 10  8 11
 9 10  9  8
 8  7  7  7
 6 11 10  6
 4  6 11  5
11  5  8  6
 7 11  8  7
 8 11 11  6
 8  9  6  8
 7  8  6  9
 8  5  9  4
 4  4  6  6
 9 10  6 11
 6  6  9  5
10 10  4  8
 7  8  4  9
11  4  6 11
 5 11 10 10
 7  6  7  9
 8  8  7  5
 6  4  4 11
 5  6  4 11
11  7  7 10
 8  5  8 11
 4  9  9  8
11  7  4 11
2x2 solution sets
  0 0 3 0   1  17   7  38
  0 1 0 1  22   4  39  12
  3 0 3 2  24  41   3  20
  0 1 2 2  47  18  25   2
  0 0 0 0  13  11  50  56
  0 0 0 0   8   6  73  81
  0 1 0 1  59  30  70  10
  0 1 0 1  60  32  72   9
  0 0 2 2  68  54  21  31
  0 0 2 2  37  42  16  14
  3 0 3 0  19  69   5  40
  3 0 3 0  29  77  26  67
  0 0 0 0  53  79  35  49 *
  0 0 0 0  43  80  57  51 *
  0 0 0 0  44  61  66  75 *
  0 0 0 0  36  58  64  46 *
One single tile solution to this puzzle - there may be more
   1  17  13  11   8   6  23  22   4
   7  38  50  56  73  81  52  39  12
  19  69  53  79  43  80  74  59  30
   5  40  35  49  57  51  65  70  10
  29  77  44  61  36  58  34  60  32
  26  67  66  75  64  46  62  72   9
  27  33  45  71  55  48  63  76  28
  24  41  68  54  37  42  78  47  18
   3  20  21  31  16  14  15  25   2
