 7          puzzle size (rows and columns)
 3   6      # border colours  # inside colours
Top Rgt Bot Lft
 0  1  2  0
 0  2  2  0
 0  2  3  0
 0  3  2  0
 0  2  9  3
 0  3  5  1
 0  3  5  3
 0  2  7  2
 0  2  5  1
 0  3  4  3
 0  1  7  3
 0  1  8  2
 0  3  9  2
 0  3  6  1
 0  1  4  3
 0  3  6  3
 0  1  4  1
 0  1  9  1
 0  2  7  1
 0  1  8  3
 0  2  9  2
 0  2  4  2
 0  3  7  1
 0  1  5  1
 9  5  8  4
 6  6  7  6
 6  6  5  6
 4  7  9  7
 4  9  9  5
 8  6  4  8
 8  5  9  6
 8  5  8  9
 6  8  8  7
 5  8  8  9
 7  7  8  8
 8  9  6  7
 7  4  6  7
 8  4  4  7
 4  4  4  5
 9  9  9  5
 7  5  8  5
 9  5  4  7
 9  7  6  9
 8  4  6  4
 6  9  9  6
 5  5  7  4
 4  5  6  5
 8  7  8  4
 6  7  6  5
2x2 solution sets
  0 0 3 0   3  21  10  25
  0 1 0 1   9   1  46   6
  3 0 3 2   7  40   4   5
  0 1 2 2  28  19  13   2
  0 0 0 0   8  22  41  39
  0 1 0 1  37  15  45  18
  0 0 2 2  43  38  14  17
  3 0 3 0  23  36  11  33
  0 0 0 0  32  47  30  27 *
One single tile solution to this puzzle - there may be more
   3  21   8  22  12   9   1
  10  25  41  39  44  46   6
  23  36  32  47  49  37  15
  11  33  30  27  26  45  18
  16  31  29  34  35  42  24
   7  40  43  38  48  28  19
   4   5  14  17  20  13   2
