 8          puzzle size (rows and columns)
 3   8      # border colours  # inside colours
Top Rgt Bot Lft
 0  1  3  0
 0  1  2  0
 0  3  1  0
 0  2  1  0
 0  3 11  1
 0  3  7  3
 0  2  6  1
 0  2 11  3
 0  3  6  2
 0  1  7  1
 0  3 11  2
 0  2  5  2
 0  3  8  1
 0  1 11  1
 0  1  8  2
 0  1 11  2
 0  1 10  3
 0  2 10  3
 0  1  5  3
 0  2  9  1
 0  2  8  3
 0  2 11  2
 0  3 10  3
 0  3  4  2
 0  1  6  1
 0  2  9  3
 0  2  8  2
 0  3  5  2
 5 10  6  7
11  9  7  7
 8  7  5  5
 5  8  8  9
11 11 10  8
 7 10  4  9
10  4  8  7
 9  7  5  7
 4  8  6  7
 6  8  6 11
 8  9 10  5
10  5  7  4
 8  5 11 10
 4  5  8  9
 7  6  5  8
 7  9  4  8
 5 11  5  4
 6  6 11  9
 6  9  9 11
 6 11  5  8
11  4  7 11
 4  9  7  4
 8  8  9  9
10  6  6 10
 5  4  4 10
10  8  4  9
 5 10  8  6
 6  7  6 10
 6  9 10  4
 9  7  9 10
 8  7  6  7
11 10  7  6
 4 11  4  5
 9  4  5  5
 7  5  6  4
 4 10  6 11
2x2 solution sets
  0 0 3 0   1   5  11  49
  0 1 0 1  16   4  33  22
  3 0 3 2  18  52   3  25
  0 1 2 2  38  21   7   2
  0 0 0 0  17  13  40  31
  0 0 0 0   8  12  30  32
  0 1 0 1  54  15  50  20
  0 1 0 1  43   9  29  23
  0 0 2 2  60  41  10  14
  0 0 2 2  62  45  19  28
  3 0 3 0  27  44  26  42
  3 0 3 0   6  59  24  57
  0 0 0 0  34  53  61  64 *
  0 0 0 0  63  39  56  35 *
  0 0 0 0  37  48  46  55 *
  0 0 0 0  47  51  58  36 *
One single tile solution to this puzzle - there may be more
   1   5  17  13   8  12  16   4
  11  49  40  31  30  32  33  22
  27  44  34  53  63  39  54  15
  26  42  61  64  56  35  50  20
   6  59  37  48  47  51  43   9
  24  57  46  55  58  36  29  23
  18  52  60  41  62  45  38  21
   3  25  10  14  19  28   7   2
