 7          puzzle size (rows and columns)
 3   6      # border colours  # inside colours
Top Rgt Bot Lft
 0  2  1  0
 0  2  2  0
 0  3  3  0
 0  3  2  0
 0  1  8  3
 0  2  7  1
 0  3  7  2
 0  3  9  2
 0  1  7  2
 0  3  8  2
 0  1  5  1
 0  1  8  1
 0  2  9  2
 0  2  9  3
 0  1  6  3
 0  3  4  3
 0  1  7  3
 0  1  5  2
 0  2  7  3
 0  2  9  1
 0  3  8  3
 0  3  7  1
 0  2  6  1
 0  1  4  1
 6  7  8  6
 4  4  4  6
 8  6  6  8
 4  9  8  6
 6  5  5  5
 8  6  4  5
 4  9  4  4
 9  7  4  6
 6  9  7  9
 5  5  4  7
 4  9  5  5
 7  7  4  6
 7  8  4  7
 4  6  6  8
 4  9  7  5
 5  4  8  5
 4  5  7  9
 9  8  9  5
 7  5  8  4
 9  6  8  9
 8  7  9  6
 6  6  5  9
 5  6  9  5
 7  5  8  7
 8  9  8  8
2x2 solution sets
  0 0 3 0   2   9   6  48
  0 1 0 1  15   1  25   7
  3 0 3 2  19  34   3  16
  0 1 2 2  49  13   5   4
  0 0 0 0  24  23  39  33
  0 1 0 1  45  17  32  22
  0 0 2 2  40  43  21  10
  3 0 3 0  11  30  12  38
  0 0 0 0  36  37  26  31 *
One single tile solution to this puzzle - there may be more
   2   9  24  23   8  15   1
   6  48  39  33  44  25   7
  11  30  36  37  27  45  17
  12  38  26  31  46  32  22
  18  29  35  41  47  28  14
  19  34  40  43  42  49  13
   3  16  21  10  20   5   4
