 9          puzzle size (rows and columns)
 3   8      # border colours  # inside colours
Top Rgt Bot Lft
 0  3  2  0
 0  1  3  0
 0  1  1  0
 0  2  1  0
 0  3  5  3
 0  3  4  1
 0  3  7  1
 0  1  7  3
 0  1 10  3
 0  1  4  2
 0  2  4  2
 0  2 10  3
 0  1  6  1
 0  2  9  1
 0  3 11  2
 0  1  9  3
 0  3  4  2
 0  2  9  2
 0  3 10  2
 0  2  8  3
 0  1  5  3
 0  2 11  3
 0  1  9  1
 0  1 10  2
 0  3 11  3
 0  3  6  2
 0  2  7  2
 0  2  8  2
 0  3  9  1
 0  2  6  3
 0  3  8  1
 0  2 10  1
11 10  4 10
 6  6  9  9
 9 11  5 10
 6  7  8  7
 4  5  8  5
 5  5  9  5
 4  9 11 10
 6  9  5  4
 5 11  7  6
 8  5  8  4
 7  6  4  7
10  9  7  6
 8 10 11  7
 5 11  9 11
 8  6  4  9
10 11 10  8
 4  9 10  6
 9  4  6  8
 9 10  7 11
 6  8  5  7
 6 11  4  6
 7 10  6 10
 5  7 11 11
10 10  6  8
11  8  8  9
 4  4  4  5
10 10  5  8
 4 10  6  8
 7  6  7  9
 5  7  9  7
 4  4  8 11
 7  7  7 11
 6 11  5  8
 7  8  5  5
11  7  6 11
11 11 11  9
11 11  4 10
 8  8  4  9
 8  8  4  5
10 10  6  4
 4 10  4  6
 6  5 11  8
 5  8 10  5
 4  5  9  9
 5  5  9 10
 7  7  6  9
 9  4  5 11
 7  8  6  7
 7  9  6  8
2x2 solution sets
  0 0 3 0   4  28  23  70
  0 1 0 1  11   1  73  12
  3 0 3 2  14  57   2  31
  0 1 2 2  33   9   6   3
  0 0 0 0  24   7  48  64
  0 0 0 0   8  32  43  44
  0 1 0 1  60  19  65  25
  0 1 0 1  46  22  50  17
  0 0 2 2  81  76  13  16
  0 0 2 2  38  71  29  10
  3 0 3 0  21  58  26  49
  3 0 3 0  20  59  15  55
  0 0 0 0  72  54  34  53 *
  0 0 0 0  39  78  67  36 *
  0 0 0 0  35  63  62  45 *
  0 0 0 0  40  47  77  37 *
One single tile solution to this puzzle - there may be more
   4  28  24   7   8  32  27  11   1
  23  70  48  64  43  44  61  73  12
  21  58  72  54  39  78  80  60  19
  26  49  34  53  67  36  52  65  25
  20  59  35  63  40  47  41  46  22
  15  55  62  45  77  37  66  50  17
  18  68  51  69  79  42  75  74   5
  14  57  81  76  38  71  56  33   9
   2  31  13  16  29  10  30   6   3
