 8          puzzle size (rows and columns)
 3   8      # border colours  # inside colours
Top Rgt Bot Lft
 0  3  3  0
 0  1  1  0
 0  2  3  0
 0  1  2  0
 0  2  5  1
 0  1  8  3
 0  3  7  3
 0  3  4  1
 0  2  4  2
 0  3  8  1
 0  1  6  2
 0  1 11  2
 0  2  7  1
 0  2  5  3
 0  2  6  2
 0  1  7  3
 0  3  7  2
 0  2  6  1
 0  2 11  2
 0  3  4  2
 0  3  6  2
 0  1  8  1
 0  1 10  3
 0  3 11  2
 0  2 11  3
 0  1 10  1
 0  3  9  1
 0  2  4  3
 9  8  7  4
 7  7  4  5
10  9  8 10
 9  4  4  9
 5 10  7 11
 5  7 11  9
 8  8  5  4
 7 10  9  7
11  5  7 10
 6 11 11 10
11  4  6  9
11  6 11  7
10  4  5  6
 6  5  6 11
 8  9  5  8
 7 11  8  6
 5 10  7  6
 5 11 10  9
 4  9  5  9
 6  7 10  7
 8  4  8  5
 7  9  8 10
 4  6  6  4
 8  7  6  9
 6 10  5  9
 8  5 10  7
 7  5  6 11
 8 11  5  4
 8  9  8 11
10  4  8  9
 6  9  6  4
 4 10  7 10
 8 10  8  5
 8  9  6  5
 5  6  9 11
 5 11  4 10
2x2 solution sets
  0 0 3 0   4   8  28  51
  0 1 0 1  10   1  61  23
  3 0 3 2  26  60   2  16
  0 1 2 2  38  24  12   3
  0 0 0 0  14  19  45  37
  0 0 0 0  17   6  30  54
  0 1 0 1  35  22  34  13
  0 1 0 1  40  15  39   9
  0 0 2 2  64  42  20  18
  0 0 2 2  62  53  11   5
  3 0 3 0   7  48  21  41
  3 0 3 0  25  63  27  32
  0 0 0 0  36  50  29  43 *
  0 0 0 0  47  58  46  57 *
  0 0 0 0  44  33  56  55 *
  0 0 0 0  31  52  49  59 *
One single tile solution to this puzzle - there may be more
   4   8  14  19  17   6  10   1
  28  51  45  37  30  54  61  23
   7  48  36  50  47  58  35  22
  21  41  29  43  46  57  34  13
  25  63  44  33  31  52  40  15
  27  32  56  55  49  59  39   9
  26  60  64  42  62  53  38  24
   2  16  20  18  11   5  12   3
