 8          puzzle size (rows and columns)
 3   8      # border colours  # inside colours
Top Rgt Bot Lft
 0  2  2  0
 0  1  3  0
 0  2  1  0
 0  3  1  0
 0  2  7  2
 0  2  5  2
 0  2  8  2
 0  3  8  1
 0  3 11  2
 0  1 10  2
 0  2  6  3
 0  2 10  2
 0  3  6  1
 0  2 11  3
 0  1  8  3
 0  1  7  2
 0  1 11  1
 0  1  8  2
 0  3  7  3
 0  2  6  1
 0  3  4  3
 0  3 11  1
 0  1 10  1
 0  3  9  3
 0  1  6  3
 0  3  5  1
 0  1  6  2
 0  2  4  3
 4  7  4 10
 9  6 11  7
 8  5  7  7
 6  8  8 11
 9  7 11 11
 5  7  9  9
 9  4 10 10
 6  4  7  8
 6 11  9 10
 5  5  5  4
10  5  4  4
 8 11  5  8
10  4  8  6
 4  7  5  4
10  4  9  7
 9 11  6 11
 8  8  7  6
 4 10  6 10
11  9  4 11
 7  8 10  5
 9  6  5  6
 7  5  9 10
11  7  6  7
 5 11 11  4
 7 10 10  9
 5  6  9  8
10  8  6  5
 9 10  4  8
 7  8  9  4
 6  8 11  9
 5  7 10  5
 9  4  5  7
 5 11  4  8
 8  6  9  5
 6  5 11  6
10  9  8  7
2x2 solution sets
  0 0 3 0   3   5  10  50
  0 1 0 1  11   1  32   7
  3 0 3 2  19  64   4  15
  0 1 2 2  63  26  17   2
  0 0 0 0   6  18  59  31
  0 0 0 0  23   8  55  40
  0 1 0 1  62  27  49  13
  0 1 0 1  52  14  51  16
  0 0 2 2  58  56   9  28
  0 0 2 2  29  30  21  22
  3 0 3 0  12  35  20  41
  3 0 3 0  25  45  24  53
  0 0 0 0  39  48  42  43 *
  0 0 0 0  36  38  57  54 *
  0 0 0 0  61  44  46  37 *
  0 0 0 0  33  60  47  34 *
One single tile solution to this puzzle - there may be more
   3   5   6  18  23   8  11   1
  10  50  59  31  55  40  32   7
  12  35  39  48  36  38  62  27
  20  41  42  43  57  54  49  13
  25  45  61  44  33  60  52  14
  24  53  46  37  47  34  51  16
  19  64  58  56  29  30  63  26
   4  15   9  28  21  22  17   2
