 6          puzzle size (rows and columns)
 3   6      # border colours  # inside colours
Top Rgt Bot Lft
 0  1  1  0
 0  2  1  0
 0  1  2  0
 0  2  3  0
 0  3  5  1
 0  3  4  1
 0  3  7  3
 0  3  8  3
 0  1  6  3
 0  2  8  2
 0  1  4  2
 0  2  8  1
 0  3  4  2
 0  1  5  3
 0  1  8  1
 0  2  7  3
 0  2  4  3
 0  2  7  2
 0  3  5  2
 0  3  8  2
 9  6  6  8
 4  4  5  6
 4  8  9  9
 5  5  8  7
 5  6  9  5
 9  5  7  6
 9  7  9  8
 6  6  5  5
 4  9  6  4
 6  6  7  8
 9  5  4  8
 8  9  7  6
 7  6  7  4
 7  8  7  6
 5  4  9  9
 7  8  7  5
2x2 solution sets
  0 0 3 0   1   5  14  25
  0 1 0 1   6   4  23  10
  3 0 3 2  12  30   3  16
  0 1 2 2  36  15  18   2
  0 0 0 0  17  11  22  29
  0 1 0 1  26  19  33   9
  0 0 2 2  34  31   7  13
  3 0 3 0   8  27  20  21
  0 0 0 0  24  28  32  35 *
One single tile solution to this puzzle - there may be more
   1   5  17  11   6   4
  14  25  22  29  23  10
   8  27  24  28  26  19
  20  21  32  35  33   9
  12  30  34  31  36  15
   3  16   7  13  18   2
