 8          puzzle size (rows and columns)
 3   8      # border colours  # inside colours
Top Rgt Bot Lft
 0  2  2  0
 0  3  1  0
 0  2  3  0
 0  1  2  0
 0  2  4  2
 0  1  7  3
 0  3  8  1
 0  1 10  2
 0  3  9  2
 0  2 11  1
 0  3  6  2
 0  2 10  1
 0  1 11  1
 0  3 10  3
 0  3  9  3
 0  2  8  1
 0  2  5  2
 0  3  5  3
 0  1  4  1
 0  2  6  2
 0  3 10  2
 0  1  6  3
 0  1  5  3
 0  2  4  1
 0  3  4  2
 0  1  4  3
 0  2  5  1
 0  1 11  3
 8  7  6  9
 4  4 10  8
10  4  7  6
 5  6 10  7
10  5  9  9
 5  7 11 10
11  9  9  8
 7 10  8 10
11  9  7  4
 7  9  5  8
 7 10  6  4
 8  8 11  7
 8  5  8 11
 7  4  7 11
 4  5  6  4
 5  6  7 11
 5  8  6  9
11  8  5  4
 6  8  5  6
 5 10  5  7
 6 11  9  8
 6  5  7  5
 9  6 10  8
11 10 11  5
 9  8  9 10
 6  9  5  9
 4  7  4 10
11  7 10  8
 7  8 11  7
 4  7 11  9
 6  7  8  4
11  9  4  6
 9 10  6  7
10 11  6  5
 8  8  6  5
 9  4 11  6
2x2 solution sets
  0 0 3 0   3  25  15  58
  0 1 0 1  12   4  33  27
  3 0 3 2  23  63   2  22
  0 1 2 2  47  16  17   1
  0 0 0 0  18  26  48  55
  0 0 0 0   7  28  40  35
  0 1 0 1  64   5  37   9
  0 1 0 1  36  14  29   6
  0 0 2 2  56  61  21  20
  0 0 2 2  34  32  10   8
  3 0 3 0  11  60  24  43
  3 0 3 0  19  59  13  41
  0 0 0 0  45  30  50  62 *
  0 0 0 0  46  51  44  31 *
  0 0 0 0  57  49  52  53 *
  0 0 0 0  42  39  38  54 *
One single tile solution to this puzzle - there may be more
   3  25  18  26   7  28  12   4
  15  58  48  55  40  35  33  27
  11  60  45  30  46  51  64   5
  24  43  50  62  44  31  37   9
  19  59  57  49  42  39  36  14
  13  41  52  53  38  54  29   6
  23  63  56  61  34  32  47  16
   2  22  21  20  10   8  17   1
