 6          puzzle size (rows and columns)
 3   6      # border colours  # inside colours
Top Rgt Bot Lft
 0  1  3  0
 0  2  2  0
 0  3  3  0
 0  2  3  0
 0  3  7  3
 0  3  6  1
 0  2  9  2
 0  1  4  1
 0  3  8  3
 0  2  5  2
 0  2  6  1
 0  3  5  1
 0  3  5  2
 0  1  7  2
 0  1  7  3
 0  1  6  1
 0  1  4  2
 0  2  7  3
 0  3  9  1
 0  2  8  2
 6  5  4  8
 6  8  9  7
 6  9  4  4
 5  8  6  5
 7  5  9  6
 5  9  7  5
 4  8  5  7
 6  6  7  9
 9  8  4  8
 5  9  5  4
 9  7  8  8
 5  8  6  8
 4  6  8  4
 8  4  7  9
 4  7  6  9
 6  7  5  7
2x2 solution sets
  0 0 3 0   1  16   5  36
  0 1 0 1  10   2  32  20
  3 0 3 2  17  33   4   9
  0 1 2 2  28   6  18   3
  0 0 0 0  11   7  22  29
  0 1 0 1  21  13  35  15
  0 0 2 2  25  26  19  14
  3 0 3 0  12  24   8  23
  0 0 0 0  31  27  34  30 *
One single tile solution to this puzzle - there may be more
   1  16  11   7  10   2
   5  36  22  29  32  20
  12  24  31  27  21  13
   8  23  34  30  35  15
  17  33  25  26  28   6
   4   9  19  14  18   3
