 7          puzzle size (rows and columns)
 3   6      # border colours  # inside colours
Top Rgt Bot Lft
 0  3  3  0
 0  1  2  0
 0  2  2  0
 0  3  1  0
 0  1  9  1
 0  3  6  2
 0  1  5  3
 0  1  8  2
 0  2  4  3
 0  3  9  2
 0  2  9  2
 0  3  8  1
 0  2  8  3
 0  2  5  2
 0  1  5  2
 0  1  4  1
 0  2  4  1
 0  3  4  3
 0  1  5  1
 0  3  9  1
 0  3  7  3
 0  2  8  1
 0  1  6  3
 0  2  6  3
 8  9  7  8
 7  8  7  6
 5  6  9  9
 9  8  5  9
 6  6  8  5
 4  9  5  6
 7  6  4  6
 8  8  4  5
 4  8  7  9
 9  4  8  5
 8  5  9  6
 5  5  6  8
 9  4  4  9
 9  9  4  6
 7  6  7  7
 4  7  7  5
 9  5  4  6
 4  6  8  4
 4  6  7  7
 5  4  8  6
 7  6  9  4
 7  4  5  5
 7  5  9  8
 7  7  5  6
 8  7  7  8
2x2 solution sets
  0 0 3 0   3   8  14  32
  0 1 0 1  20   1  34  18
  3 0 3 2  24  30   4  19
  0 1 2 2  44  17  12   2
  0 0 0 0  22  15  25  27
  0 1 0 1  49  21  39  23
  0 0 2 2  28  47   7  10
  3 0 3 0   9  42   6  35
  0 0 0 0  31  38  40  43 *
One single tile solution to this puzzle - there may be more
   3   8  22  15   5  20   1
  14  32  25  27  41  34  18
   9  42  31  38  33  49  21
   6  35  40  43  48  39  23
  11  37  45  26  36  46  16
  24  30  28  47  29  44  17
   4  19   7  10  13  12   2
