 8          puzzle size (rows and columns)
 3   8      # border colours  # inside colours
Top Rgt Bot Lft
 0  2  1  0
 0  2  2  0
 0  3  2  0
 0  2  3  0
 0  3  8  3
 0  2 11  1
 0  1  4  1
 0  2  9  3
 0  2  5  1
 0  2  4  3
 0  3  6  2
 0  1  5  3
 0  2  6  3
 0  2  4  2
 0  1  8  1
 0  1  6  1
 0  1  4  3
 0  1  9  3
 0  1  5  1
 0  3  5  3
 0  1 10  2
 0  2  5  2
 0  3 11  2
 0  3  6  1
 0  3  4  2
 0  3  9  2
 0  3 10  2
 0  1 11  1
 4  9  7  7
 5 11  5  5
11  4  6  8
 6  8  5 10
 7  7 10 10
 9  7  4  9
 6 11  4  8
10  9  4 11
 8  5 11  5
10 10 10  9
 5  5 10  7
10  8 10  9
10  5  6  9
10  8  9  5
 5 11 10  4
 9 10  7  9
 7  6  9  7
 8  7 11  8
10 11  8  6
 9  8  9  6
 4  9  7  8
 4  5  7  6
 6  8  6 11
 6  5  8 10
 6  7  8 11
11  4 11 11
 7  9  6 11
 6  6  7  4
 8  5 11  8
 7  9  5  5
 6  8  9  4
 4  8  6  8
 7 11 10 11
 7  5  6 10
 4  7  8  7
 4  4  7  7
2x2 solution sets
  0 0 3 0   3  10  13  50
  0 1 0 1   7   1  49  26
  3 0 3 2  21  32   4  20
  0 1 2 2  54  14  23   2
  0 0 0 0  22  11  30  53
  0 0 0 0  17  16  64  59
  0 1 0 1  62  12  51  15
  0 1 0 1  52  19  57   9
  0 0 2 2  60  46  24  28
  0 0 2 2  45  47  18   5
  3 0 3 0  27  33   8  41
  3 0 3 0  25  56   6  55
  0 0 0 0  39  37  42  31 *
  0 0 0 0  58  44  43  61 *
  0 0 0 0  48  35  34  63 *
  0 0 0 0  36  38  29  40 *
One single tile solution to this puzzle - there may be more
   3  10  22  11  17  16   7   1
  13  50  30  53  64  59  49  26
  27  33  39  37  58  44  62  12
   8  41  42  31  43  61  51  15
  25  56  48  35  36  38  52  19
   6  55  34  63  29  40  57   9
  21  32  60  46  45  47  54  14
   4  20  24  28  18   5  23   2
