 9          puzzle size (rows and columns)
 3   8      # border colours  # inside colours
Top Rgt Bot Lft
 0  3  1  0
 0  2  2  0
 0  2  3  0
 0  1  2  0
 0  3 10  2
 0  3 11  1
 0  3  4  3
 0  1  9  2
 0  2 11  2
 0  1 11  3
 0  2  9  2
 0  1  7  1
 0  1 11  1
 0  3  9  3
 0  2  7  1
 0  2  9  3
 0  1  5  1
 0  3  6  1
 0  1  8  3
 0  2  4  3
 0  3  4  2
 0  1  4  1
 0  1  6  2
 0  2  7  3
 0  3  8  3
 0  3  6  2
 0  3  7  1
 0  2 10  3
 0  3 11  2
 0  1  5  3
 0  2  9  1
 0  2  7  2
 6  5  9  7
 5 11  9  8
 7  5  6 10
 4  7  5  5
 9  8  5  4
 9  6 10  8
 8  4  4  7
 6  7 10  8
 4  4  7  4
11  7  4 11
 5  6  6  6
 6  6 11 10
 4  9  9  9
10  6  5  5
 9  9  6  6
 5  9  9  6
 6  6 11  8
11  8 11  7
 9  7  4  5
10  9  8  8
10  5  4 11
 4  5  5  9
 8 11  4  9
 5  8 11  5
11 10 11  8
 4 11  6  7
 8  7 10  4
 5  8  6  9
 6 11  9  5
 6  5 10  8
 8  8  4  5
 9  8 10  7
 4 10  4 11
10  4  6 10
11 11  9  4
 4  7  9  5
10  8  5  7
 8 10 10  6
 5  5  4 10
 6  7  9  7
 7  6  7  7
 7 11  8  6
 5 10  6  8
10  8  8 11
 9 10  7 11
10  4  8 11
11  7  8 10
 4  9 10  7
10 11  5 10
2x2 solution sets
  0 0 3 0   4  18  32  33
  0 1 0 1  28   2  78  21
  3 0 3 2   5  44   3  29
  0 1 2 2  61  10  16   1
  0 0 0 0  20   9  36  50
  0 0 0 0   8  17  38  43
  0 1 0 1  59  24  46  26
  0 1 0 1  56  19  67   6
  0 0 2 2  48  45  11  31
  0 0 2 2  55  77  22  12
  3 0 3 0  15  64  13  53
  3 0 3 0  30  68   7  37
  0 0 0 0  34  42  51  80 *
  0 0 0 0  69  40  60  52 *
  0 0 0 0  58  76  62  63 *
  0 0 0 0  49  70  57  66 *
One single tile solution to this puzzle - there may be more
   4  18  20   9   8  17  27  28   2
  32  33  36  50  38  43  74  78  21
  15  64  34  42  69  40  39  59  24
  13  53  51  80  60  52  54  46  26
  30  68  58  76  49  70  71  56  19
   7  37  62  63  57  66  41  67   6
  25  75  81  65  79  72  73  47  14
   5  44  48  45  55  77  35  61  10
   3  29  11  31  22  12  23  16   1
