 8          puzzle size (rows and columns)
 3   8      # border colours  # inside colours
Top Rgt Bot Lft
 0  1  3  0
 0  2  2  0
 0  1  1  0
 0  3  1  0
 0  3 10  3
 0  1  7  3
 0  3 10  1
 0  2  9  1
 0  2  6  2
 0  1  6  3
 0  2  8  2
 0  1  8  2
 0  3 11  2
 0  1 10  3
 0  3  7  1
 0  3  7  2
 0  2  8  3
 0  1  7  2
 0  1 10  1
 0  2  8  1
 0  2 11  2
 0  3  5  1
 0  3  9  2
 0  2 10  2
 0  1  5  3
 0  2 11  1
 0  3  6  3
 0  2 11  3
10  4  5 10
 7  8 10  5
 8  8  7  4
11  7  4  5
 7 11 11  6
 9  6  9  9
 4  9  5  6
 4  6  5  6
10  4  4  8
 5  7  9  9
 9 11 11  7
 6  9  9  6
 6  8 11  9
10 11 10  8
 9  7  5 11
 4  4  9  8
 5  5  4  7
 5  6  9  6
11  8  8  7
 4  5  8 11
 4  9  6 10
 7  6 11  6
 7  9  4 10
 5  9 11 11
 5  6  8  6
11  6  4  7
 8  5 10  6
 8  5  8  8
10  8 10  5
 7  7  5  4
 9  4  7  4
10 10  4 11
10  5  6  9
 4  6  7  7
 8 11  8  5
 5 10  7  4
2x2 solution sets
  0 0 3 0   3  22  18  45
  0 1 0 1  20   2  31  11
  3 0 3 2  15  39   1  13
  0 1 2 2  48  25  17   4
  0 0 0 0   6   7  30  42
  0 0 0 0   5  14  60  29
  0 1 0 1  51  23  62  10
  0 1 0 1  33  26  32  16
  0 0 2 2  52  34  21   8
  0 0 2 2  55  63  19  12
  3 0 3 0  24  49   9  40
  3 0 3 0  28  43  27  46
  0 0 0 0  61  57  41  37 *
  0 0 0 0  44  64  59  58 *
  0 0 0 0  54  36  35  38 *
  0 0 0 0  50  53  47  56 *
One single tile solution to this puzzle - there may be more
   3  22   6   7   5  14  20   2
  18  45  30  42  60  29  31  11
  24  49  61  57  44  64  51  23
   9  40  41  37  59  58  62  10
  28  43  54  36  50  53  33  26
  27  46  35  38  47  56  32  16
  15  39  52  34  55  63  48  25
   1  13  21   8  19  12  17   4
