 6          puzzle size (rows and columns)
 3   6      # border colours  # inside colours
Top Rgt Bot Lft
 0  3  3  0
 0  1  1  0
 0  2  3  0
 0  2  1  0
 0  2  7  1
 0  2  4  2
 0  1  4  1
 0  3  7  2
 0  3  8  2
 0  1  5  3
 0  3  6  1
 0  1  4  3
 0  3  4  2
 0  2  8  2
 0  1  6  3
 0  3  8  3
 0  2  6  2
 0  3  9  3
 0  1  8  1
 0  2  7  2
 4  4  5  4
 5  9  6  5
 8  7  8  4
 9  6  5  9
 8  8  7  9
 6  5  7  6
 8  9  6  8
 4  7  5  4
 5  7  9  9
 7  7  5  5
 9  9  6  7
 6  4  8  7
 6  5  8  6
 5  8  5  6
 7  6  4  9
 5  8  9  7
2x2 solution sets
  0 0 3 0   4   6  12  21
  0 1 0 1  19   2  23   5
  3 0 3 2  17  33   3  16
  0 1 2 2  34   9  10   1
  0 0 0 0  13  15  28  32
  0 1 0 1  25  14  30  20
  0 0 2 2  22  35  11   7
  3 0 3 0  18  29   8  31
  0 0 0 0  36  27  24  26 *
One single tile solution to this puzzle - there may be more
   4   6  13  15  19   2
  12  21  28  32  23   5
  18  29  36  27  25  14
   8  31  24  26  30  20
  17  33  22  35  34   9
   3  16  11   7  10   1
