 6          puzzle size (rows and columns)
 3   6      # border colours  # inside colours
Top Rgt Bot Lft
 0  2  1  0
 0  2  3  0
 0  3  1  0
 0  2  2  0
 0  2  4  2
 0  3  4  2
 0  2  6  1
 0  1  4  2
 0  1  7  3
 0  3  4  3
 0  1  8  1
 0  2  9  3
 0  1  8  3
 0  1  5  2
 0  3  5  3
 0  1  6  2
 0  3  9  1
 0  3  7  2
 0  2  8  3
 0  3  7  1
 6  9  9  4
 8  7  9  5
 5  5  8  7
 9  8  5  9
 6  6  9  4
 6  6  8  6
 4  7  7  4
 5  7  5  6
 8  7  7  8
 5  5  9  5
 9  4  5  4
 7  8  5  7
 4  8  6  7
 9  5  6  6
 6  4  6  8
 9  8  8  7
2x2 solution sets
  0 0 3 0   1   5   9  33
  0 1 0 1  10   2  27  18
  3 0 3 2   8  21   4  12
  0 1 2 2  36  11  13   3
  0 0 0 0  16  17  35  31
  0 1 0 1  32  19  30  14
  0 0 2 2  24  29  15  20
  3 0 3 0   6  25   7  34
  0 0 0 0  26  28  22  23 *
One single tile solution to this puzzle - there may be more
   1   5  16  17  10   2
   9  33  35  31  27  18
   6  25  26  28  32  19
   7  34  22  23  30  14
   8  21  24  29  36  11
   4  12  15  20  13   3
