 8          puzzle size (rows and columns)
 3   8      # border colours  # inside colours
Top Rgt Bot Lft
 0  2  1  0
 0  2  3  0
 0  1  2  0
 0  3  2  0
 0  1 10  2
 0  1 10  3
 0  2  6  2
 0  3  6  3
 0  3  8  3
 0  3 10  1
 0  1  8  2
 0  1 11  2
 0  2  4  2
 0  2  5  2
 0  3  5  3
 0  2  8  1
 0  1  5  2
 0  3  5  2
 0  3 11  3
 0  1  5  1
 0  2  7  1
 0  3  4  3
 0  3  5  1
 0  1  9  1
 0  1  4  3
 0  2  6  1
 0  2 11  3
 0  2 10  1
 7  7 11 10
 4  6 10  9
 9  8  8  7
 6 11  8  9
 6  7  5  9
11  8  9  8
 8  4 11  6
 5  9  6  4
11  8  8 11
 5  6  4  5
 7  9  7 10
 9  5 10  4
10  9 10  5
 8  4  9  6
 8  6  9  5
 8 11  4  7
11  4  6  8
 9  6  6  7
 4  8  7  7
 5  4  8  4
11  9 10  6
 7  7  6  6
 7 10  9  4
 6  5  7  7
10 11 10  5
 9  5 10 10
10  8  5  6
 8  8  7  4
 5  4 11  9
 6  9 11 11
 4  7  5  8
11  9 10  4
11  6  4  9
10  7 11  8
10  5  5  7
11  7  6  7
2x2 solution sets
  0 0 3 0   4  22  21  47
  0 1 0 1  19   2  34  11
  3 0 3 2  23  38   3  13
  0 1 2 2  41  24   5   1
  0 0 0 0  27  18  45  36
  0 0 0 0  15   9  57  56
  0 1 0 1  31  16  43   7
  0 1 0 1  54  14  53  12
  0 0 2 2  49  33  28  17
  0 0 2 2  64  63  26  20
  3 0 3 0   6  39  10  29
  3 0 3 0  25  60   8  55
  0 0 0 0  32  58  44  37 *
  0 0 0 0  61  50  59  52 *
  0 0 0 0  30  42  62  46 *
  0 0 0 0  48  51  35  40 *
One single tile solution to this puzzle - there may be more
   4  22  27  18  15   9  19   2
  21  47  45  36  57  56  34  11
   6  39  32  58  61  50  31  16
  10  29  44  37  59  52  43   7
  25  60  30  42  48  51  54  14
   8  55  62  46  35  40  53  12
  23  38  49  33  64  63  41  24
   3  13  28  17  26  20   5   1
