 7          puzzle size (rows and columns)
 3   6      # border colours  # inside colours
Top Rgt Bot Lft
 0  3  3  0
 0  2  3  0
 0  2  2  0
 0  1  2  0
 0  1  5  1
 0  2  6  3
 0  2  6  1
 0  1  6  1
 0  3  5  3
 0  3  6  2
 0  1  6  3
 0  3  8  1
 0  3  7  3
 0  2  6  2
 0  1  9  2
 0  2  7  2
 0  1  7  3
 0  3  9  3
 0  3  7  2
 0  1  4  1
 0  2  4  1
 0  3  6  1
 0  2  8  1
 0  1  7  2
 6  6  5  4
 9  8  9  7
 5  8  9  5
 7  9  8  4
 4  4  5  9
 7  8  7  4
 8  8  9  4
 6  5  5  5
 4  4  6  7
 8  9  8  4
 7  5  6  5
 5  5  6  9
 4  9  8  7
 8  6  5  7
 5  4  6  9
 6  7  5  9
 6  4  6  9
 7  9  8  8
 5  7  4  8
 8  9  4  4
 7  4  5  8
 6  4  8  7
 8  9  6  5
 5  9  4  9
 9  7  7  8
2x2 solution sets
  0 0 3 0   3  14  16  46
  0 1 0 1  13   1  28  18
  3 0 3 2   5  35   4   6
  0 1 2 2  27  12  15   2
  0 0 0 0  19  17  30  42
  0 1 0 1  38  11  39  20
  0 0 2 2  32  47   9  10
  3 0 3 0  21  31  24  26
  0 0 0 0  45  44  43  37 *
One single tile solution to this puzzle - there may be more
   3  14  19  17  22  13   1
  16  46  30  42  41  28  18
  21  31  45  44  40  38  11
  24  26  43  37  48  39  20
  23  49  33  34  29  25   8
   5  35  32  47  36  27  12
   4   6   9  10   7  15   2
