 6          puzzle size (rows and columns)
 3   6      # border colours  # inside colours
Top Rgt Bot Lft
 0  3  2  0
 0  3  1  0
 0  2  3  0
 0  3  3  0
 0  1  7  1
 0  2  8  1
 0  3  6  2
 0  2  8  2
 0  1  5  1
 0  1  4  3
 0  3  9  3
 0  2  6  1
 0  2  7  3
 0  2  7  2
 0  1  8  2
 0  1  7  2
 0  3  5  2
 0  2  6  3
 0  1  9  3
 0  3  8  1
 9  7  5  6
 4  9  7  5
 6  8  9  5
 9  7  4  4
 6  7  9  6
 9  5  5  9
 9  6  4  8
 4  4  5  8
 8  5  4  5
 5  6  7  6
 6  8  8  4
 5  5  9  7
 9  8  6  8
 7  6  7  4
 4  4  8  7
 8  5  6  7
2x2 solution sets
  0 0 3 0   2  19  10  24
  0 1 0 1  11   3  33  15
  3 0 3 2  18  21   4  17
  0 1 2 2  30  12  13   1
  0 0 0 0   6   7  36  23
  0 1 0 1  25   5  26   9
  0 0 2 2  35  34   8  14
  3 0 3 0  20  28  16  32
  0 0 0 0  31  27  29  22 *
One single tile solution to this puzzle - there may be more
   2  19   6   7  11   3
  10  24  36  23  33  15
  20  28  31  27  25   5
  16  32  29  22  26   9
  18  21  35  34  30  12
   4  17   8  14  13   1
