 7          puzzle size (rows and columns)
 3   6      # border colours  # inside colours
Top Rgt Bot Lft
 0  1  3  0
 0  1  2  0
 0  3  2  0
 0  2  2  0
 0  3  6  1
 0  1  6  1
 0  3  9  1
 0  2  9  3
 0  1  7  2
 0  2  6  1
 0  2  5  2
 0  3  6  3
 0  3  5  3
 0  3  9  2
 0  1  8  3
 0  2  8  1
 0  1  4  3
 0  2  4  2
 0  2  9  1
 0  3  7  1
 0  3  9  3
 0  2  9  2
 0  1  5  3
 0  1  7  1
 8  8  8  9
 6  6  8  8
 9  7  5  8
 4  4  4  9
 4  9  6  8
 5  4  8  5
 8  7  6  9
 6  7  7  7
 6  6  5  9
 4  8  5  7
 5  9  7  5
 4  5  6  7
 8  5  5  6
 7  6  4  6
 5  7  4  4
 8  7  4  6
 6  9  8  6
 5  9  4  7
 7  9  6  9
 5  9  4  4
 4  8  8  4
 4  9  7  8
 5  7  7  7
 6  8  4  5
 8  5  5  9
2x2 solution sets
  0 0 3 0   2   5  19  33
  0 1 0 1  13   1  47  20
  3 0 3 2  17  45   3  16
  0 1 2 2  42  22  18   4
  0 0 0 0  15  10  37  48
  0 1 0 1  43  21  41   8
  0 0 2 2  46  31  24   6
  3 0 3 0  23  30  12  40
  0 0 0 0  39  36  34  26 *
One single tile solution to this puzzle - there may be more
   2   5  15  10  14  13   1
  19  33  37  48  27  47  20
  23  30  39  36  35  43  21
  12  40  34  26  38  41   8
   7  28  44  25  29  49  11
  17  45  46  31  32  42  22
   3  16  24   6   9  18   4
