 6          puzzle size (rows and columns)
 3   6      # border colours  # inside colours
Top Rgt Bot Lft
 0  3  1  0
 0  2  1  0
 0  1  2  0
 0  3  3  0
 0  1  5  1
 0  3  5  2
 0  3  4  2
 0  2  6  3
 0  1  4  1
 0  1  7  2
 0  2  5  1
 0  2  5  2
 0  3  4  3
 0  2  8  1
 0  1  8  3
 0  2  7  3
 0  3  8  3
 0  2  7  2
 0  3  7  2
 0  1  6  3
 7  7  4  5
 7  9  6  7
 4  8  6  8
 5  4  5  8
 6  9  4  5
 9  5  7  8
 8  8  5  9
 5  7  6  8
 7  9  4  5
 6  9  8  9
 9  5  8  4
 5  6  7  6
 6  6  9  9
 4  8  6  9
 4  6  9  7
 8  4  7  6
2x2 solution sets
  0 0 3 0   2  12  15  28
  0 1 0 1   5   1  24  13
  3 0 3 2  14  26   3  16
  0 1 2 2  23  17  20   4
  0 0 0 0  10   9  22  34
  0 1 0 1  32   8  21  19
  0 0 2 2  29  27   7  11
  3 0 3 0   6  25  18  35
  0 0 0 0  30  33  36  31 *
One single tile solution to this puzzle - there may be more
   2  12  10   9   5   1
  15  28  22  34  24  13
   6  25  30  33  32   8
  18  35  36  31  21  19
  14  26  29  27  23  17
   3  16   7  11  20   4
