 8          puzzle size (rows and columns)
 3   8      # border colours  # inside colours
Top Rgt Bot Lft
 0  3  1  0
 0  1  2  0
 0  2  1  0
 0  2  3  0
 0  2  4  2
 0  2 10  2
 0  2  6  2
 0  3  9  1
 0  1  5  3
 0  3  5  3
 0  3  4  1
 0  3 11  1
 0  3  7  3
 0  1 10  2
 0  3  7  2
 0  2  8  3
 0  1  5  2
 0  3  5  1
 0  1  7  1
 0  2  6  3
 0  1  8  3
 0  1  7  2
 0  1  7  3
 0  3  8  2
 0  1  6  3
 0  2  9  1
 0  2 11  2
 0  2 11  1
 6  6  7  7
 9 10  4  6
 6  8  6 10
 7  7  6 11
 6  8 11  9
 7  8  9  5
 4  8  6  5
 9 10  7 10
 9  7  7 11
10 11  7  5
 4  6  7 11
 4  4  8  8
 6  8  4  8
 6  5  6 10
 6  5  8 11
 8  4 10 10
 7  5  9 11
 5  5  6  8
 7  8  5  9
10  9  8 10
 9  9 10  6
 9 10 10  4
 9 10  9  5
 4 10  9  5
 8 11  4  7
 6 11 11  5
 4  5  8  5
 7  4  6  4
 7  9  4  8
 5  4  4  8
10  8 10  9
10 11  7 11
 7 11  6  5
11  4  9  8
 6  5  9  4
11 11  5 11
2x2 solution sets
  0 0 3 0   1  25  23  29
  0 1 0 1   9   3  58   5
  3 0 3 2  28  43   2  16
  0 1 2 2  64  12  17   4
  0 0 0 0  26   7  30  31
  0 0 0 0  15  13  57  47
  0 1 0 1  52   6  37  22
  0 1 0 1  56  11  33  21
  0 0 2 2  55  61  24  20
  0 0 2 2  45  38   8  19
  3 0 3 0  10  34  18  51
  3 0 3 0  14  36  27  32
  0 0 0 0  40  63  44  50 *
  0 0 0 0  35  46  42  54 *
  0 0 0 0  48  59  53  60 *
  0 0 0 0  41  62  39  49 *
One single tile solution to this puzzle - there may be more
   1  25  26   7  15  13   9   3
  23  29  30  31  57  47  58   5
  10  34  40  63  35  46  52   6
  18  51  44  50  42  54  37  22
  14  36  48  59  41  62  56  11
  27  32  53  60  39  49  33  21
  28  43  55  61  45  38  64  12
   2  16  24  20   8  19  17   4
