 6          puzzle size (rows and columns)
 3   6      # border colours  # inside colours
Top Rgt Bot Lft
 0  2  1  0
 0  3  3  0
 0  3  2  0
 0  3  1  0
 0  1  6  3
 0  1  9  2
 0  2  7  3
 0  3  4  3
 0  3  4  2
 0  1  8  2
 0  2  7  2
 0  2  5  2
 0  3  9  1
 0  1  8  1
 0  2  6  3
 0  3  8  3
 0  1  6  1
 0  1  4  3
 0  2  7  1
 0  2  4  2
 5  8  7  5
 4  9  5  4
 5  4  6  8
 7  5  6  4
 5  7  8  7
 7  5  5  5
 6  8  9  6
 4  6  7  7
 9  6  9  8
 8  8  9  6
 6  5  7  8
 6  8  9  9
 9  5  5  7
 9  6  8  4
 9  7  7  5
 4  8  4  6
2x2 solution sets
  0 0 3 0   3  18  20  22
  0 1 0 1   8   2  36  16
  3 0 3 2   9  34   1  14
  0 1 2 2  21  10   7   4
  0 0 0 0  17  13  32  29
  0 1 0 1  28  15  26  12
  0 0 2 2  27  31   6  11
  3 0 3 0  19  25   5  30
  0 0 0 0  33  35  23  24 *
One single tile solution to this puzzle - there may be more
   3  18  17  13   8   2
  20  22  32  29  36  16
  19  25  33  35  28  15
   5  30  23  24  26  12
   9  34  27  31  21  10
   1  14   6  11   7   4
