 8          puzzle size (rows and columns)
 3   8      # border colours  # inside colours
Top Rgt Bot Lft
 0  3  1  0
 0  1  1  0
 0  2  2  0
 0  1  2  0
 0  1  7  3
 0  1  8  1
 0  1  5  1
 0  1  8  2
 0  2  8  1
 0  1  6  3
 0  1  9  2
 0  2  7  3
 0  3  9  2
 0  3  6  1
 0  3 11  2
 0  2 10  1
 0  2 11  2
 0  3 10  3
 0  3  5  2
 0  2  8  3
 0  2  9  3
 0  3  4  1
 0  3  6  2
 0  1 10  3
 0  2  5  1
 0  2 10  3
 0  2  4  2
 0  3  6  3
11  7  9 10
 8  7  9  6
10  6  7 11
 8 11 11  6
 4  6  8  9
11  7  4 11
 7  5 10  9
 6  9  8  4
10  6  9 10
11  4  5  5
 6 10  4  5
 5  4  6  8
 9  5  6  4
 7 11  5 10
 4  7  8 11
 7 10 10 10
 5  8  4  6
 4  8 11 11
 7  5  5 10
 6  8  6  7
 9  9  7  5
 7  7  7 10
 9  8  5  5
 9 10  6  9
 4 10  4  6
 4  6  5  4
 8  9  7  8
 5  5 11  7
 8 11 11  5
11 11  8  8
10  8  7  8
11  6  9  7
 8 10  5  6
 5  6  9  9
 7  4  4  4
 9  4 11  7
2x2 solution sets
  0 0 3 0   1  12  24  50
  0 1 0 1  20   3  32  15
  3 0 3 2  25  51   2   7
  0 1 2 2  36  21   9   4
  0 0 0 0  23  26  48  59
  0 0 0 0   8  22  55  33
  0 1 0 1  34   5  46   6
  0 1 0 1  60  14  52  18
  0 0 2 2  40  41  10  28
  0 0 2 2  38  63  19  27
  3 0 3 0  13  35  17  31
  3 0 3 0  16  42  11  62
  0 0 0 0  39  44  53  37 *
  0 0 0 0  47  57  45  58 *
  0 0 0 0  43  64  61  29 *
  0 0 0 0  54  30  56  49 *
One single tile solution to this puzzle - there may be more
   1  12  23  26   8  22  20   3
  24  50  48  59  55  33  32  15
  13  35  39  44  47  57  34   5
  17  31  53  37  45  58  46   6
  16  42  43  64  54  30  60  14
  11  62  61  29  56  49  52  18
  25  51  40  41  38  63  36  21
   2   7  10  28  19  27   9   4
