 8          puzzle size (rows and columns)
 3   8      # border colours  # inside colours
Top Rgt Bot Lft
 0  3  1  0
 0  3  2  0
 0  3  3  0
 0  2  1  0
 0  3  9  3
 0  1  4  1
 0  3  8  2
 0  1 11  1
 0  1  8  1
 0  2  5  3
 0  1  7  3
 0  3  6  2
 0  1 11  2
 0  2 10  2
 0  2  7  3
 0  3  5  1
 0  3  4  2
 0  2 11  2
 0  2  7  2
 0  1  7  2
 0  3  7  3
 0  1  5  1
 0  2  4  3
 0  2 11  1
 0  1  4  2
 0  2 10  3
 0  1  8  3
 0  2  8  1
10  8  5  6
 5 10 10  6
 4  9 11  8
 9 10  8  6
 7  7  8  6
10  5  4  7
 9  8  6 11
11  7  8 11
 6  4 10  6
10  7  6  5
 5  6  4  9
10 11 10  9
 5  6  9  4
 5  4 11  9
 6  9 10  5
 6  6  7  6
11  8  9  7
 8  8  7  4
 9  5  7  5
11  4 10  8
 4  6  5  8
10  4  7  7
 9  9  4  5
 6  4  7 11
 7  6 11 10
 8 11  5  4
11  5  9  5
10  5  9  8
 7  6  6  5
 4  6 11  8
 7  9  9  7
10 11 10  8
11  4 10  5
 7  8 10  4
 8  5  9  9
 9  8 11  6
2x2 solution sets
  0 0 3 0   4  12  22  43
  0 1 0 1  24   2  61  23
  3 0 3 2  11  59   3   5
  0 1 2 2  37   6  26   1
  0 0 0 0  10  19  42  62
  0 0 0 0  25   9  31  63
  0 1 0 1  40  13  29  28
  0 1 0 1  30  14  38  20
  0 0 2 2  39  44  17  15
  0 0 2 2  32  53   7  18
  3 0 3 0  27  60  21  50
  3 0 3 0  16  57   8  52
  0 0 0 0  36  34  46  58 *
  0 0 0 0  55  51  64  49 *
  0 0 0 0  33  45  54  35 *
  0 0 0 0  48  41  56  47 *
One single tile solution to this puzzle - there may be more
   4  12  10  19  25   9  24   2
  22  43  42  62  31  63  61  23
  27  60  36  34  55  51  40  13
  21  50  46  58  64  49  29  28
  16  57  33  45  48  41  30  14
   8  52  54  35  56  47  38  20
  11  59  39  44  32  53  37   6
   3   5  17  15   7  18  26   1
