 9          puzzle size (rows and columns)
 3   8      # border colours  # inside colours
Top Rgt Bot Lft
 0  2  2  0
 0  2  3  0
 0  3  2  0
 0  1  2  0
 0  1  6  1
 0  3  5  3
 0  3  7  3
 0  3  6  1
 0  1  6  2
 0  2  8  2
 0  3  8  3
 0  2 11  1
 0  2  8  3
 0  2  4  3
 0  1  5  1
 0  3 10  1
 0  3  8  2
 0  2  4  2
 0  1 11  1
 0  2  7  1
 0  3  8  1
 0  3 10  2
 0  1  4  1
 0  1  6  3
 0  1  4  3
 0  3 11  3
 0  2  5  3
 0  1 10  2
 0  2  5  2
 0  3  5  2
 0  1 11  3
 0  2 10  1
 6 11  5 11
 4 11  9  7
 6  6  8 11
 7  6  7  8
 7 11  5  5
 4  4  6  8
11  4 10  4
10  8  6  9
11  8  9 11
 8 11  5 11
10 10  8  5
 4  9  7  6
 8  4  4  9
 6  9 11 11
 6  9  8  7
 4  8  5  9
10  9  7  9
 8  7 10  8
 6  7  5  6
 9  9 10  9
 4  6  8  8
10  6  4  7
11  7  4  8
 7  7 11  4
 5  5  9 10
10  6  5  9
 5 11  5  6
 5  8  4  7
 5  7  9  8
11 10  6  8
 7  5 10 10
 9 10  4  9
11 10  7 10
 4  8  8  6
 5  7  5 11
 9  9  9 11
 5  4 10  7
10  8  6  7
 6  6  5 10
 7  9  6  4
 5  7 11  4
 4  9 10 11
 8 10  4  9
 4  6  4 11
 9 10  7  7
10  8 10  4
 9  7  6  6
 7  5  9  5
 9 11 11  5
2x2 solution sets
  0 0 3 0   4   8  12  35
  0 1 0 1  11   2  45  18
  3 0 3 2  25  78   3  32
  0 1 2 2  66  13  10   1
  0 0 0 0   6  26  59  41
  0 0 0 0   7  14  36  44
  0 1 0 1  76   9  53   5
  0 1 0 1  50  20  43  28
  0 0 2 2  62  71  24  30
  0 0 2 2  51  47  27  17
  3 0 3 0  31  42  21  61
  3 0 3 0  19  68  15  81
  0 0 0 0  67  77  69  56 *
  0 0 0 0  63  80  54  79 *
  0 0 0 0  40  55  33  74 *
  0 0 0 0  34  46  64  65 *
One single tile solution to this puzzle - there may be more
   4   8   6  26   7  14  22  11   2
  12  35  59  41  36  44  49  45  18
  31  42  67  77  63  80  37  76   9
  21  61  69  56  54  79  60  53   5
  19  68  40  55  34  46  48  50  20
  15  81  33  74  64  65  57  43  28
  23  39  73  70  38  72  52  75  16
  25  78  62  71  51  47  58  66  13
   3  32  24  30  27  17  29  10   1
