 6          puzzle size (rows and columns)
 3   6      # border colours  # inside colours
Top Rgt Bot Lft
 0  3  2  0
 0  2  3  0
 0  2  1  0
 0  1  3  0
 0  1  4  2
 0  3  9  3
 0  2  8  1
 0  1  7  3
 0  3  8  1
 0  3  6  3
 0  3  9  2
 0  1  9  2
 0  2  5  2
 0  2  7  3
 0  3  5  3
 0  2  6  1
 0  3  5  1
 0  1  8  2
 0  1  4  1
 0  2  9  2
 4  6  6  7
 7  7  4  7
 6  5  9  6
 6  5  9  5
 7  6  5  7
 9  8  8  7
 4  7  9  8
 5  7  7  9
 8  8  4  5
 4  8  4  5
 9  6  8  6
 5  6  4  7
 8  7  6  6
 4  5  8  9
 8  4  6  5
 9  5  4  8
2x2 solution sets
  0 0 3 0   1  15  20  28
  0 1 0 1   6   4  26   7
  3 0 3 2  13  29   3  19
  0 1 2 2  31  10  18   2
  0 0 0 0   8   9  25  33
  0 1 0 1  35   5  24  17
  0 0 2 2  27  21  12  16
  3 0 3 0  14  22  11  34
  0 0 0 0  32  23  30  36 *
One single tile solution to this puzzle - there may be more
   1  15   8   9   6   4
  20  28  25  33  26   7
  14  22  32  23  35   5
  11  34  30  36  24  17
  13  29  27  21  31  10
   3  19  12  16  18   2
