 7          puzzle size (rows and columns)
 3   6      # border colours  # inside colours
Top Rgt Bot Lft
 0  3  1  0
 0  3  2  0
 0  1  3  0
 0  2  2  0
 0  3  8  1
 0  1  8  1
 0  2  6  1
 0  3  6  3
 0  1  8  2
 0  1  4  1
 0  2  4  2
 0  3  4  2
 0  3  8  3
 0  1  7  1
 0  2  7  2
 0  2  7  1
 0  1  4  3
 0  2  8  2
 0  2  6  3
 0  3  4  3
 0  2  9  3
 0  1  5  3
 0  3  6  1
 0  1  9  2
 4  8  9  4
 6  4  4  7
 9  9  8  4
 4  8  7  7
 7  9  4  6
 5  8  4  5
 9  6  6  9
 9  7  5  6
 9  6  8  4
 6  6  5  9
 7  6  9  5
 8  5  5  9
 5  5  9  5
 7  5  4  5
 8  5  6  8
 5  4  9  6
 9  6  9  5
 9  7  7  6
 4  9  8  7
 7  9  5  5
 8  4  7  6
 7  4  7  7
 5  6  8  4
 8  5  8  6
 8  7  7  8
2x2 solution sets
  0 0 3 0   2  13   7  45
  0 1 0 1  15   4  29  24
  3 0 3 2  20  33   1   9
  0 1 2 2  26  12  10   3
  0 0 0 0  17   5  25  39
  0 1 0 1  28   6  35  23
  0 0 2 2  48  30  18  11
  3 0 3 0  14  46  22  44
  0 0 0 0  27  34  36  37 *
One single tile solution to this puzzle - there may be more
   2  13  17   5  21  15   4
   7  45  25  39  41  29  24
  14  46  27  34  42  28   6
  22  44  36  37  38  35  23
   8  40  47  32  43  31  19
  20  33  48  30  49  26  12
   1   9  18  11  16  10   3
