 7          puzzle size (rows and columns)
 3   6      # border colours  # inside colours
Top Rgt Bot Lft
 0  2  3  0
 0  1  1  0
 0  3  1  0
 0  3  2  0
 0  1  9  3
 0  2  5  3
 0  1  5  1
 0  3  7  1
 0  1  7  3
 0  2  5  2
 0  3  6  1
 0  2  9  2
 0  3  4  2
 0  1  8  3
 0  1  7  1
 0  1  8  2
 0  2  4  3
 0  2  6  3
 0  3  7  2
 0  1  9  2
 0  2  6  1
 0  3  6  2
 0  3  8  3
 0  2  4  1
 7  5  9  7
 7  4  9  8
 7  5  9  4
 4  9  6  7
 9  8  6  6
 5  4  5  9
 9  4  7  4
 6  9  6  5
 9  9  5  4
 5  8  8  9
 6  9  5  8
 8  6  4  8
 7  9  6  8
 6  5  7  5
 6  4  4  5
 7  6  6  9
 5  8  9  9
 7  8  8  7
 6  5  6  4
 9  4  7  8
 7  7  8  5
 6  4  5  8
 8  5  7  4
 5  8  7  4
 4  4  8  6
2x2 solution sets
  0 0 3 0   1  19   8  42
  0 1 0 1  20   3  31  17
  3 0 3 2  15  25   2   5
  0 1 2 2  35  12   6   4
  0 0 0 0   9   7  26  48
  0 1 0 1  27  10  44  13
  0 0 2 2  45  28  23  11
  3 0 3 0  14  36  22  49
  0 0 0 0  29  37  43  32 *
One single tile solution to this puzzle - there may be more
   1  19   9   7  21  20   3
   8  42  26  48  46  31  17
  14  36  29  37  30  27  10
  22  49  43  32  41  44  13
  24  47  38  39  33  40  18
  15  25  45  28  34  35  12
   2   5  23  11  16   6   4
